Size : 34
10|2010-07-05 10:22:57.293|17180424371|4231|About Alexande. About Roger Fe. About Mark Twa. About Noam Cho. About Ricky Ma. About Pet.|Yang Zhang||17180423482
(name, group) :
(Set(1734),1) (Set(1099511628501),2) (Set(941, 555, 1269, 2886, 2269, 1099511628651, 1847, 1099511628211, 1099511628642, 3060, 1099511630552, 985, 1131, 4231, 1874, 2199023259961, 4465, 1099511629040, 2197, 3192, 2874, 2329, 1099511628754, 1099511631424, 2843, 1099511628627, 250, 2194, 3039, 1481, 3748, 3633, 94, 3528),3)
(source, target) : 
(2874,1874) (3192,3039) (2194,941) (4465,2886) (3633,3192) (4231,2886) (1099511628754,2843) (3748,1847) (1481,555) (3633,555) (1099511628642,3060) (3748,555) (3060,1269) (3060,3039) (4465,3060) (3748,2874) (3039,2874) (3060,2874) (3060,250) (985,555) (555,94) (1269,555) (3039,2886) (1099511630552,2194) (2886,250) (3748,3060) (985,250) (3192,2874) (1099511629040,2194) (1874,1847) (3060,2886) (3039,1131) (2199023259961,1099511631424) (1099511628627,555) (1099511629040,2269) (1269,1131) (3633,2886) (1874,1131) (1269,94) (2197,1131) (1131,250) (2874,1847) (1099511629040,1131) (1099511629040,1847) (1099511628642,555) (985,94) (1099511629040,3528) (2874,1481) (2199023259961,3060) (1481,250) (2329,1269) (2843,2194) (1847,555) (4465,3633) (1099511629040,94) (1099511628651,1847) (3633,3060) (1099511629040,1099511628642) (1099511631424,3192) (1874,1269) (555,250) (2886,555) (1874,94) (1099511628642,3748) (2886,2194) (2843,1269) (3748,3633) (2886,2874) (2329,1874) (2197,555) (1847,1131) (2194,985) (4465,1847) (3192,3060) (1847,1269) (250,94) (1131,985) (3633,3039) (1099511631424,4231) (1099511631424,3748) (3748,3039) (1099511628754,250) (2329,1847) (1099511630552,2886) (1099511628754,985) (1099511631424,2886) (1099511630552,3060) (3060,1481) (1874,555) (4465,3748) (2886,1269) (1099511631424,1099511628211) (1099511628754,555) (2886,1847) (1099511629040,1099511628754)

Size : 34
10|2010-07-04 13:33:45.628|17180424315|2197|About David Cameron, a coali. About Virginia Woolf, Her mo. About Hugo Chávez, Communa.|Yang Zhang|17180424307|
(name, group) :
(Set(1734),1) (Set(1099511628501),2) (Set(941, 555, 1269, 2886, 2269, 1099511628651, 1847, 1099511628211, 1099511628642, 3060, 1099511630552, 985, 1131, 4231, 1874, 2199023259961, 4465, 1099511629040, 2197, 3192, 2874, 2329, 1099511628754, 1099511631424, 2843, 1099511628627, 250, 2194, 3039, 1481, 3748, 3633, 94, 3528),3)
(source, target) : 
(2874,1874) (3192,3039) (2194,941) (4465,2886) (3633,3192) (4231,2886) (1099511628754,2843) (3748,1847) (1481,555) (3633,555) (1099511628642,3060) (3748,555) (3060,1269) (3060,3039) (4465,3060) (3748,2874) (3039,2874) (3060,2874) (3060,250) (985,555) (555,94) (1269,555) (3039,2886) (1099511630552,2194) (2886,250) (3748,3060) (985,250) (3192,2874) (1099511629040,2194) (1874,1847) (3060,2886) (3039,1131) (2199023259961,1099511631424) (1099511628627,555) (1099511629040,2269) (1269,1131) (3633,2886) (1874,1131) (1269,94) (2197,1131) (1131,250) (2874,1847) (1099511629040,1131) (1099511629040,1847) (1099511628642,555) (985,94) (1099511629040,3528) (2874,1481) (2199023259961,3060) (1481,250) (2329,1269) (2843,2194) (1847,555) (4465,3633) (1099511629040,94) (1099511628651,1847) (3633,3060) (1099511629040,1099511628642) (1099511631424,3192) (1874,1269) (555,250) (2886,555) (1874,94) (1099511628642,3748) (2886,2194) (2843,1269) (3748,3633) (2886,2874) (2329,1874) (2197,555) (1847,1131) (2194,985) (4465,1847) (3192,3060) (1847,1269) (250,94) (1131,985) (3633,3039) (1099511631424,4231) (1099511631424,3748) (3748,3039) (1099511628754,250) (2329,1847) (1099511630552,2886) (1099511628754,985) (1099511631424,2886) (1099511630552,3060) (3060,1481) (1874,555) (4465,3748) (2886,1269) (1099511631424,1099511628211) (1099511628754,555) (2886,1847) (1099511629040,1099511628754)

Size : 26
10|2010-07-06 05:57:47.354|17180037239|1099511628627|About Adolf Hitler, n. About Elvis Costello,. About T-Pain. About My Name Is Barb. Ab.|Zhong Yang||17180036423
(name, group) :
(Set(1099511627782),1) (Set(1269, 4528, 1099511629672, 2886, 4511, 1099511632669, 1847, 1099511628642, 2285, 985, 1874, 1099511630761, 1099511629479, 4273, 2197, 3412, 1099511628627, 250, 3092, 1099511632742, 1481, 3748, 1161, 3705, 94, 4831),2)
(source, target) : 
(1269,1161) (3748,1847) (1874,1161) (1099511629479,3705) (1099511630761,1099511629672) (1847,1161) (2285,1874) (4273,3412) (1099511632669,4273) (1099511632669,4528) (2886,250) (985,250) (1874,1847) (2285,1847) (1099511629479,1099511628642) (3412,2886) (1269,94) (985,94) (1099511630761,1099511629479) (1481,250) (1099511628642,1161) (2886,1161) (1099511629672,1847) (1099511632742,1099511628642) (1099511629672,1099511629479) (4528,3748) (1874,1269) (3748,3412) (4831,3748) (3705,2886) (1099511628642,4528) (1874,94) (1099511628642,3748) (4273,3705) (3092,1847) (1099511632742,1847) (1099511629672,1099511628642) (1099511628627,1161) (1099511632742,3412) (1847,1269) (250,94) (4528,2886) (1099511629672,2886) (3748,1161) (3705,3412) (4511,2886) (1099511629479,2886) (1481,1161) (1099511629479,4528) (1161,94) (1161,250) (2197,1161) (2886,1269) (2285,94) (2886,1847) (1161,985)

Size : 25
10|2010-07-05 15:35:37.472|17181241766|1269|About Charlemagne, the. About Napoleon, 1799, . About Jacob Hübner, a . About Rubén Blades, 19. About Barack Obama, Ac. About Johnny Mercer, f. About Kenny Rogers, hi. About Geor.|Diana Zhang||17181240897
(name, group) :
(Set(1099511630379),1) (Set(2199023260102),9) (Set(2199023258095),2) (Set(2199023256318),10) (Set(1099511630940),4) (Set(1099511632106),8) (Set(4766),6) (Set(1099511630776, 4290, 555, 1269, 1099511629519, 2886, 1099511628651, 1099511629948, 2199023259885, 2285, 1131, 1874, 4465, 1099511629040, 2874, 2329, 2199023258320, 2199023257701, 4624, 3092, 1099511629845, 1099511632742, 3748, 1099511630454, 1161),5) (Set(2199023260131),3) (Set(1099511632421),7)
(source, target) : 
(1269,1161) (2874,1874) (1161,555) (2285,555) (1099511629948,4624) (4465,2886) (1099511630776,1099511629948) (1874,1161) (2199023257701,3748) (1099511630454,1099511629845) (1099511629040,1161) (1099511629845,1099511629040) (2329,2285) (2199023259885,2886) (3748,555) (2199023258320,1269) (1099511629948,1099511629845) (3748,2874) (2285,1874) (1099511628651,1161) (1269,555) (1099511629519,1099511629040) (1099511630454,4465) (1269,1131) (1099511632742,555) (1161,1131) (1874,1131) (1099511629040,1131) (1099511630776,4624) (2285,1131) (2874,1161) (1099511630454,3748) (2329,1269) (1099511630454,2874) (1099511630454,1099511629948) (3092,555) (2886,1161) (1874,1269) (4465,4290) (2199023258320,1874) (2886,555) (2886,2874) (2329,1874) (2329,1161) (4290,2874) (3748,1161) (4290,3748) (4465,1161) (1099511629845,1269) (1874,555) (4465,3748) (2886,1269)

Size : 20
10|2010-07-04 11:18:17.617|17180837723|4688|About Walter Sc. About Mary I of. About Stanley K. About Harrison . About Me.|Chen Lu||17180837473
(name, group) :
(Set(4290, 1269, 4528, 1099511629940, 1099511630682, 1099511630415, 4693, 1099511628642, 4577, 1099511630379, 4465, 3539, 1099511628754, 4688, 3039, 3748, 2608, 3780, 1099511630454, 3633),1)
(source, target) : 
(4465,2608) (3039,2608) (4528,2608) (4528,4290) (4688,3633) (4528,3780) (3539,1269) (1099511630454,2608) (1099511630454,3039) (4290,3780) (4688,4528) (3780,3748) (4290,3633) (1099511630454,4465) (4465,3780) (4577,3039) (2608,1269) (1099511630454,3780) (3539,3039) (4577,4528) (4577,2608) (4528,4465) (1099511630682,1099511628642) (1099511630379,3539) (4577,3780) (1099511630454,3748) (3780,3633) (1099511630415,1099511629940) (4577,3633) (4465,3633) (1099511630682,3748) (4528,3748) (4577,3748) (4465,4290) (4688,3780) (4528,3633) (1099511628754,3780) (1099511628642,4528) (1099511630415,1099511630379) (4688,4577) (1099511629940,1269) (1099511630454,4688) (3633,2608) (4577,4465) (1099511628642,3748) (1099511630682,1099511630454) (3748,3633) (1099511630415,3539) (4688,4290) (1099511628642,4688) (1099511629940,3539) (1099511630379,1099511629940) (3633,3039) (4528,3039) (1099511628642,4577) (3748,3039) (4290,3748) (4693,4528) (4693,4577) (4290,2608) (4465,3748) (4577,4290)
