Size : 36
10|2010-07-15 09:54:57.017|17181241231|3748|About W. B. Yeats, topics feature in the . About Henry Clay, he was involved in th.|Chen Yang|17181241223|
(name, group) :
(Set(2199023257634),1) (Set(2199023260131),2) (Set(4766),4) (Set(1099511632106),5) (Set(2199023256318),6) (Set(1099511630776, 4290, 555, 1269, 1099511629519, 1099511629672, 2886, 1099511628651, 1099511629948, 2199023259885, 2285, 1131, 1874, 2199023259961, 1099511630379, 4465, 1099511629040, 2199023258095, 2874, 2329, 1099511632421, 2199023258320, 2199023257622, 2199023257701, 2199023260102, 4624, 3092, 1099511629845, 1099511632742, 3748, 2608, 1099511630454, 1161, 1099511630940, 2199023258932, 2199023257352),3)
(source, target) : 
(1099511629040,2608) (2329,1269) (1099511629948,2608) (1099511628651,1161) (1099511629040,1161) (2886,2874) (4465,2886) (3748,555) (1099511629672,1099511629519) (2199023259961,1161) (2329,1874) (2199023259885,2608) (2285,1131) (1269,1161) (2199023257352,2886) (1099511629845,1269) (1099511630776,1099511629948) (1099511629845,1099511629672) (2886,2608) (1099511629948,1099511629845) (3092,555) (1269,555) (4290,3748) (1099511630454,2874) (1099511629672,1099511629040) (2199023258095,2199023257352) (2199023257352,1099511630379) (2608,1269) (2199023258320,1269) (1099511630454,1099511629948) (1874,1131) (2285,555) (2199023257622,1099511629948) (2329,2285) (2874,2608) (4465,4290) (2874,1161) (3748,2874) (1099511630454,1099511629845) (1099511629672,2886) (2329,1161) (1269,1131) (1099511630940,1099511629672) (2199023257622,2199023257352) (2199023259961,2199023258095) (1874,1161) (4465,2608) (2608,2329) (4290,2874) (2199023259961,1099511629672) (1874,555) (3748,1161) (2886,1161) (1161,555) (1099511630454,2608) (4465,1161) (1161,1131) (1099511632421,1099511629672) (2199023259885,2199023257352) (2608,1131) (1099511629845,1099511629040) (1874,1269) (2199023258932,2608) (1099511629040,1131) (1099511630454,4465) (2874,1874) (2886,555) (2199023259885,2199023257622) (4465,3748) (1099511629672,555) (1099511629519,1099511629040) (2886,1269) (1099511629948,4624) (2199023259961,2199023259885) (4290,2608) (1099511632742,555) (2199023258320,1874) (2199023259885,2886) (2285,1874) (1099511630454,3748) (1099511629948,1099511629672) (2199023260102,1099511629672) (2199023257701,2199023257622) (2199023257701,3748) (1099511630776,4624)

Size : 30
10|2010-07-14 04:25:59.954|17181241222|1099511630454|About Augustine of Hippo, and theology, a. About Edward IV of England, 1483) was Ki.|Lei Wang||17181240843
(name, group) :
(Set(2199023257634),1) (Set(4766),7) (Set(2199023256318),9) (Set(2199023260131),2) (Set(1099511632106),8) (Set(3092),6) (Set(1099511628651),3) (Set(1099511632742),5) (Set(1099511630776, 4290, 1099511629519, 1099511629672, 2886, 1099511629948, 2199023259885, 2285, 1874, 2199023259961, 1099511630379, 4465, 1099511629040, 2199023259615, 2199023258095, 2874, 2329, 1099511632421, 2199023258320, 2199023257622, 2199023257701, 2199023260102, 4624, 1099511629845, 3748, 2608, 1099511630454, 1099511630940, 2199023258932, 2199023257352),4)
(source, target) : 
(1099511629040,2608) (1099511629948,2608) (2886,2874) (4465,2886) (1099511629672,1099511629519) (2329,1874) (2199023259885,2608) (2199023257352,2886) (2199023259615,2199023257352) (1099511630776,1099511629948) (2199023259961,2199023259615) (1099511629845,1099511629672) (2886,2608) (1099511629948,1099511629845) (4290,3748) (1099511630454,2874) (1099511629672,1099511629040) (2199023258095,2199023257352) (2199023257352,1099511630379) (1099511630454,1099511629948) (2199023257622,1099511629948) (2329,2285) (2874,2608) (4465,4290) (3748,2874) (1099511630454,1099511629845) (1099511629672,2886) (1099511630940,1099511629672) (2199023257622,2199023257352) (2199023259961,2199023258095) (4465,2608) (2608,2329) (4290,2874) (2199023259961,1099511629672) (1099511630454,2608) (1099511632421,1099511629672) (2199023259885,2199023257352) (1099511629845,1099511629040) (2199023258932,2608) (1099511630454,4465) (2874,1874) (2199023259885,2199023257622) (4465,3748) (1099511629519,1099511629040) (1099511629948,4624) (2199023259961,2199023259885) (4290,2608) (2199023258320,1874) (2199023259885,2886) (2285,1874) (1099511630454,3748) (1099511629948,1099511629672) (2199023260102,1099511629672) (2199023257701,2199023257622) (2199023257701,3748) (1099511630776,4624)

Size : 24
10|2010-07-17 10:33:46.502|17180424230|1099511628651|About Salman Rushdie, a fa. About Dolly Parton, Magnol. About Rhythm, Country a.|Yang He|17180424223|
(name, group) :
(Set(2199023256389),4) (Set(2269),5) (Set(2199023255593),3) (Set(3528),1) (Set(555, 1269, 2886, 1847, 1099511628211, 1099511628642, 3060, 1099511630552, 1131, 4231, 1874, 2197, 2874, 2329, 1099511628754, 1099511631424, 2843, 1099511628627, 250, 3039, 1481, 3748, 3633, 94),2)
(source, target) : 
(1099511628642,555) (1481,555) (1847,1269) (2329,1269) (3060,2886) (2197,1131) (2886,2874) (2874,1481) (3748,555) (1099511628754,555) (2329,1874) (3039,2886) (3633,2886) (1269,94) (1099511631424,4231) (3633,3060) (1099511631424,2886) (2874,1847) (2843,1269) (1269,555) (2886,1847) (1847,555) (2197,555) (3748,1847) (555,250) (1874,1131) (1099511631424,1099511628211) (3060,2874) (3060,1481) (3748,3060) (3633,3039) (1099511628627,555) (3748,2874) (3748,3039) (1131,250) (2329,1847) (555,94) (3060,1269) (1269,1131) (3633,555) (3060,3039) (1874,555) (1874,1847) (1099511628754,2843) (1099511630552,3060) (1099511631424,3748) (3748,3633) (1099511630552,2886) (1874,1269) (3060,250) (2874,1874) (2886,555) (1099511628642,3748) (2886,1269) (4231,2886) (1099511628754,250) (1099511628642,3060) (250,94) (1847,1131) (2886,250) (3039,1131) (1874,94) (3039,2874) (1481,250)

Size : 9
10|2010-07-14 13:45:11.804|17180305846|2199023257622|About Kurt Vonnegut, . About Zachary Taylor,. About Jackie Chan, of. About Hannibal, we.|Chengdong Yang|17180305845|
(name, group) :
(Set(4528, 2886, 1847, 2199023257466, 2199023259961, 2199023257622, 2194, 2608, 2199023257352),1)
(source, target) : 
(2199023257622,4528) (2199023257622,1847) (4528,2608) (2199023257352,2886) (2886,2608) (4528,2886) (2886,1847) (2886,2194) (2608,2194) (2199023257622,2199023257352) (2199023257352,1847) (2199023257622,2194) (2199023257466,4528) (2199023257466,2194) (2199023259961,1847) (2199023257466,2199023257352) (2199023257466,2608) (2199023257352,4528) (2608,1847)

Size : 8
10|2010-07-13 13:52:21.471|17180305995|2199023257622|About Mohammad . About Dudi Sela. About Charles I. About Lil Jon, . About C.|Chengdong Yang||17180305597
(name, group) :
(Set(2199023257532),1) (Set(4528, 2886, 1847, 2199023257466, 2199023259961, 2199023257622, 2608, 2199023257352),2)
(source, target) : 
(2199023257622,4528) (2199023257622,1847) (4528,2608) (2199023257352,2886) (2886,2608) (4528,2886) (2886,1847) (2199023257622,2199023257352) (2199023257352,1847) (2199023257466,4528) (2199023259961,1847) (2199023257466,2199023257352) (2199023257466,2608) (2199023257352,4528) (2608,1847)
