Size : 32
10|2010-08-04 08:05:12.07|17181184341|2194|About Louis XVI of F. About Aleister Crowl. About Bruce Springst. About Ezra Pound,.|Alexander Dobrunov|17181184337|
(name, group) :
(Set(4290, 4528, 1099511629672, 2199023259227, 2199023259517, 1099511629948, 1099511632601, 3060, 985, 1099511632632, 2199023259961, 4577, 4465, 4273, 2874, 1099511628754, 4688, 2199023257622, 3412, 1099511630088, 2194, 2199023257476, 1099511629845, 3748, 1099511630454, 2199023258262, 2199023256115, 3633, 2199023256590, 4831, 3924, 2199023258973),1) (Set(1099511632205),2) (Set(976),3) (Set(2199023258148),4)
(source, target) : 
(2199023258262,1099511629672) (4831,4577) (4290,2874) (4688,4528) (4273,3412) (4465,3412) (2199023257622,2194) (3748,2874) (4577,4465) (4273,2194) (2199023257622,4528) (1099511629672,4577) (2199023258262,3748) (2199023259227,4273) (3748,3060) (4577,3412) (3748,3633) (2199023256590,3748) (4465,3060) (2199023257622,1099511629948) (4577,3924) (4290,3748) (1099511629845,4577) (1099511630088,4528) (4465,3748) (4528,3633) (1099511630088,1099511629948) (1099511630454,4688) (1099511632632,2194) (2199023257476,3060) (2194,985) (2199023259517,1099511630088) (1099511630454,1099511629948) (2199023256115,4688) (2199023256590,2199023256115) (4290,3633) (1099511630454,3924) (1099511630088,1099511629672) (2199023259961,3060) (4577,4528) (1099511629948,1099511629672) (3060,2874) (4577,4290) (4831,4688) (2199023259961,2199023259227) (2199023258973,4273) (2199023257622,2199023256590) (4465,3924) (4528,4290) (2199023257622,4688) (1099511629948,1099511629845) (2199023259227,4688) (2199023256115,3748) (2199023259517,2199023257476) (1099511628754,3924) (4528,2874) (2199023257476,4273) (1099511629672,4688) (2199023257622,2199023256115) (4688,4577) (2199023256115,1099511629672) (1099511630454,4465) (2199023259961,1099511629672) (4465,3633) (4465,4290) (1099511629845,1099511629672) (1099511630454,3412) (4528,3748) (1099511629948,1099511628754) (1099511629948,4577) (3924,3633) (4577,3633) (4577,3748) (2199023257622,1099511629672) (1099511629845,4688) (4688,3633) (2199023256590,4528) (2199023258973,3060) (2199023256115,1099511629845) (2199023256590,4688) (1099511630454,3748) (1099511628754,985) (1099511630454,2874) (1099511630088,1099511629845) (4688,3924) (3924,3748) (3748,3412) (1099511630454,1099511630088) (4831,3748) (1099511632601,3060) (4688,4290) (4290,3412) (4528,4465) (4290,3924) (4528,3924) (1099511630454,1099511629845) (3633,3060)

Size : 15
10|2010-08-03 09:13:52.071|17180502124|4178|About Dante Alighieri,. About Robert Plant, as. About James Brown, for. About Comfort Eagl.|Lei Yan||17180501767
(name, group) :
(Set(1099511628321),2) (Set(1099511631018, 1099511631578, 2199023258866, 1099511631980, 1099511628211, 102, 2845, 2706, 3764, 318, 1099511630976, 1099511631424, 1099511631072, 2199023259437, 1099511628122),10) (Set(2199023256211),9) (Set(4688, 4178, 4018),5) (Set(3217),1) (Set(2199023258202),7) (Set(2199023256940),4) (Set(1099511629086),3) (Set(3212),11) (Set(2023),6) (Set(2199023257793),8)
(source, target) : 
(1099511631980,1099511631018) (318,102) (1099511631980,1099511631424) (1099511631018,1099511628122) (4178,4018) (1099511631018,2845) (4688,4178) (1099511631424,1099511628211) (2199023258866,2845) (2199023258866,1099511631018) (1099511631578,318) (1099511631018,102) (1099511631980,2706) (1099511631578,102) (1099511631072,3764) (1099511630976,1099511628122) (1099511631980,1099511631072) (2199023259437,1099511631072)

Size : 14
10|2010-08-02 04:13:09.841|17180045128|1099511629479|About Ludwig Wittg. About Genghis Khan. About Dmitry Medve. About Jimmy Page, . About Solo.|Jun Wang||17180044785
(name, group) :
(Set(1949),1) (Set(2199023258898, 1847, 2199023259227, 2199023256610, 2199023259961, 1099511629479, 1099511629040, 2199023258095, 1099511630504, 2608, 2199023256115, 2199023257352, 4555, 2199023257532),2)
(source, target) : 
(2199023257352,2199023256115) (2199023259227,2199023258095) (1099511629479,1099511629040) (2199023257532,2199023257352) (1099511629040,2608) (2199023259961,2199023258095) (2199023259961,2199023257532) (2199023259961,1847) (2199023257532,2199023256115) (2199023258095,2199023257352) (2199023258095,1847) (2199023256115,1099511629479) (2199023258898,2199023257532) (2199023258898,2199023256115) (2199023259961,2199023259227) (2199023258898,2608) (2199023257352,1099511629479) (2199023258095,2199023257532) (2199023258095,2199023256115) (2608,1847) (2199023258898,2199023258095) (1099511629040,4555) (4555,2608) (2199023259227,2199023258898) (2199023256115,1099511630504) (2199023257352,1847) (2199023256610,4555) (1099511629040,1847)

Size : 12
10|2010-08-02 01:17:16.61|17179931459|2199023260482|About Genghis K. About Manmohan . About Samuel Be. About Jennifer . About Willi.|Isla Al-Shoon||17179930922
(name, group) :
(Set(1099511631168, 1355),1) (Set(2199023259884),2) (Set(1099511630776, 1099511631018, 2199023260482, 2199023258866, 1099511632098, 2199023259517, 1099511628501, 3606, 1099511629287, 1573, 2199023257350, 2199023259031),3)
(source, target) : 
(2199023259031,1099511628501) (1099511631018,1573) (1099511631018,3606) (2199023257350,1099511630776) (1099511632098,1099511628501) (2199023258866,1099511631018) (2199023260482,1099511630776) (1099511631018,1099511629287) (2199023258866,1099511628501) (2199023259517,1099511632098) (2199023259517,2199023257350) (2199023257350,1099511632098) (1099511631168,1355) (2199023258866,1099511629287)

Size : 7
10|2010-08-01 18:24:44.659|17180004423|1099511630154|About Henry VIII of E. About Eminem, Hot 100. About Weird Al Yankov. About County of Fl.|Alexander Kahnovich||17180004055
(name, group) :
(Set(2199023259112, 1099511630154, 4139, 2194, 3780, 2199023257097, 1099511630952),1) (Set(2199023258214, 1099511630415, 1099511630379, 3539, 1099511631424, 2199023256044),2) (Set(2199023258029),3)
(source, target) : 
(2199023259112,4139) (1099511630154,4139) (1099511631424,1099511630415) (2199023258214,3539) (2199023256044,1099511631424) (2199023259112,1099511630952) (1099511630415,1099511630379) (3780,2194) (2199023256044,3539) (2199023257097,1099511630952) (2199023258214,2199023256044) (2199023258214,1099511631424) (2199023257097,2194) (1099511630379,3539) (1099511631424,1099511630379) (1099511630415,3539)
