Size : 53
10|2010-08-25 17:33:49.2|25769875138|2199023255602|About Jean-Luc Godard, filmmaker of the French New Wave. After the New Wave, his p.|Alec Lin||25769873158
(name, group) :
(Set(1099511631241),20) (Set(2199023259626),10) (Set(1259),1) (Set(1099511628942),2) (Set(2199023258317, 2199023258177),14) (Set(3298534887706),15) (Set(1099511632432),5) (Set(2199023260452),26) (Set(2199023255786),17) (Set(2199023258615),21) (Set(1099511628676),6) (Set(3454),25) (Set(3298534887826),30) (Set(3298534887438),18) (Set(1099511632314, 1099511630039),22) (Set(2199023256942),24) (Set(1099511632106),28) (Set(1099511631215),12) (Set(3372),23) (Set(2199023257801),27) (Set(471),19) (Set(1099511629485),8) (Set(2199023255602),9) (Set(3661),13) (Set(1099511632617),29) (Set(1921),7) (Set(4005, 941, 2199023256184, 2199023259396, 2199023258935, 4607, 619, 2199023259041, 1099511630682, 1564, 1355, 1099511632041, 2199023258214, 2199023257466, 1099511632155, 2199023259885, 1099511632601, 1099511628642, 2199023260397, 2845, 2199023260352, 2199023259961, 2199023259353, 2199023256824, 3298534887610, 2199023258686, 2199023258148, 3764, 1099511632001, 1099511630947, 2199023257622, 2199023257701, 3949, 1099511628022, 3412, 2199023260146, 2199023257989, 2199023258499, 1949, 2199023257476, 3780, 2199023258262, 1099511631898, 3601, 1099511632751, 3298534888107, 2199023257352, 2783, 2199023256590, 4555, 1099511630354, 2199023258973, 2199023257532),16) (Set(1099511629877),3) (Set(2199023257657),11) (Set(2197),4)
(source, target) : 
(2199023257622,1099511632041) (1099511632001,4555) (2199023257466,1099511630354) (2199023258214,2199023257532) (2199023257622,3780) (2199023259961,2199023259396) (2199023258214,1099511632041) (2199023259041,1099511632041) (2199023257701,2199023257532) (4607,4555) (2199023258148,2199023257352) (2199023259041,1099511632751) (2845,1355) (2199023259353,2199023257622) (1099511632314,1099511630039) (2199023259885,2199023257622) (2199023257701,2199023257622) (2199023257532,1099511628642) (2199023259041,3601) (2199023260352,2199023258935) (2199023257622,2199023257352) (1099511631898,1355) (1099511630682,1099511628642) (2199023259961,3780) (2199023257701,1099511632751) (2199023258317,2199023258177) (2199023256590,3780) (2199023259885,2199023259396) (2199023258973,3780) (3298534887610,4607) (2783,619) (2199023259041,1099511630947) (2199023258262,2199023257352) (3298534888107,941) (2199023260397,1564) (1099511631898,4555) (3298534887610,2199023258499) (2199023259885,2199023257466) (2199023257622,2199023257532) (2199023258148,3780) (2199023259885,2199023258214) (2199023257352,2199023256590) (2199023258148,2199023257532) (2199023257622,1099511628642) (2199023260352,941) (2199023259961,2199023258214) (2199023257701,1099511628642) (3764,1355) (2199023259961,2199023259885) (2199023258499,2199023258214) (2199023257622,2199023256590) (3298534887610,2199023259961) (2199023259961,2199023257532) (2199023258499,2199023257532) (2199023257701,2199023256590) (2199023256590,1099511628642) (4607,2783) (2199023258262,3780) (2199023260352,3949) (2199023256590,1099511632751) (2199023257352,3412) (1099511632601,3780) (2199023256824,1099511628022) (3780,3412) (1099511632155,4607) (4555,2783) (2199023257476,2783) (2199023259961,2199023259041) (2199023259885,2199023257532) (2199023257989,4555) (2199023257701,1099511632041) (2199023257476,3780) (3298534887610,2199023259885) (2199023256824,1355) (2199023259041,2783) (3298534887610,2199023259396) (2199023257532,2199023257352) (2199023259396,1099511628642) (2199023257466,2199023257352) (2199023258262,1099511632041) (3298534887610,2783) (2199023258686,4555) (2199023258214,2199023257622) (1355,941) (4005,3412) (2199023260146,2199023257466) (2199023259885,2199023257352) (2199023259041,1099511630354) (3298534887610,2199023256184) (2199023257466,1564) (1099511632041,1099511628642) (2199023259961,1099511628642) (2199023256824,3764) (1099511628642,1949) (2199023259041,4607)

Size : 43
10|2010-08-24 10:43:36.943|25771176813|1099511632742|About Diocl. About Johan. About John . About Al Go. About LL Co. About Charl..|Yang Yang||25771175538
(name, group) :
(Set(2199023256318),9) (Set(2199023260174),7) (Set(1099511632106),8) (Set(2199023257826),1) (Set(4766),6) (Set(1099511630776, 4290, 555, 1269, 1099511629519, 1099511629672, 2886, 1099511628651, 2199023257731, 2199023259041, 1099511629948, 2199023259477, 2199023259885, 2285, 1131, 1874, 2199023259961, 1099511630379, 4465, 1099511629040, 2199023258148, 2199023259615, 2199023258095, 2329, 1099511632421, 2199023258320, 2199023257622, 2199023257701, 2199023260102, 4624, 3092, 1099511629845, 1099511632742, 2199023257634, 3748, 2608, 1099511630454, 1161, 1099511630940, 2199023258932, 2199023257352, 2199023257904, 2199023256044),5) (Set(3298534887143),2) (Set(2199023260131),3) (Set(2199023259766),4)
(source, target) : 
(1099511629948,1099511629845) (2199023257622,1099511629948) (1099511629672,555) (3748,1161) (2199023257701,3748) (2199023257904,1161) (2199023258148,2199023257352) (2199023257701,2199023256044) (1099511630940,1099511629672) (2199023259961,2199023258095) (2199023256044,1099511630379) (2199023258095,2199023257352) (2285,1874) (1099511629672,1099511629519) (2199023258095,2199023257904) (2199023259885,2199023257622) (2199023259477,2199023257622) (2199023257701,2199023257622) (2199023257904,2199023257622) (2199023257622,2199023257352) (2329,1269) (2199023259477,4624) (2199023257904,3748) (1099511629040,1161) (3092,555) (4290,3748) (2886,555) (2199023259961,1099511629672) (2199023259961,1161) (2199023259615,1099511629040) (2199023258148,2608) (1874,555) (1099511630454,3748) (1269,1161) (1099511629948,2608) (1099511628651,1161) (1099511629040,1131) (2199023259615,2199023257904) (2886,2608) (2199023257352,1099511630379) (2199023259885,2608) (1099511630776,1099511629948) (1099511629040,2608) (1161,555) (2608,2329) (2199023259041,1099511630776) (2886,1161) (4465,3748) (4465,4290) (2886,1269) (1099511629672,2886) (2329,1874) (2199023258932,2608) (1874,1131) (2199023259961,2199023259885) (4290,2608) (2199023259961,2199023259615) (2329,1161) (2199023257731,2608) (1269,555) (1161,1131) (4465,2608) (2199023257352,2886) (1099511629519,1099511629040) (1099511629948,4624) (2199023258320,1874) (1099511630776,4624) (4465,1161) (2199023259041,2199023258095) (1874,1269) (2285,555) (1099511632421,1099511629672) (2199023259041,1099511629672) (2199023259961,2199023259041) (1874,1161) (1099511629845,1269) (2199023259615,2199023257352) (3748,555) (1099511630454,1099511629845) (1099511629845,1099511629040) (2285,1131) (2199023259041,2199023257634) (2199023258320,1269) (2199023259615,2608) (1099511630454,1099511629948) (1099511629672,1099511629040) (1099511630454,2608) (4465,2886) (2199023260102,1099511629672) (2199023259477,2199023259041) (2199023259615,2199023258095) (2199023259885,2199023257352) (2199023257622,1099511629672) (2608,1269) (1269,1131) (1099511632742,555) (1099511629948,1099511629672) (1099511630454,4465) (2329,2285) (2608,1131) (2199023257904,2199023257352) (1099511629845,1099511629672) (2199023259885,2886)

Size : 30
10|2010-08-23 16:02:04.465|25769941537|1099511631199|About Vladimir Lenin, . About Edward Heath, of. About Maratha Empire, . About Viceroyalty.|Mohammad Ali Motamed|25769941531|
(name, group) :
(Set(976),3) (Set(2199023259517),10) (Set(1099511631199, 1099511628629, 4528, 4047, 3688, 2698, 1564, 2199023258157, 2199023258704, 2199023257274, 2199023258275, 2199023259885, 1791, 1099511629960, 2199023256715, 2199023259515, 2874, 2199023260146, 2194, 3825, 2004, 2608, 1099511630680, 3705, 4281, 2199023257097, 2199023257352, 987, 1099511628575, 1099511630354),6) (Set(2199023256845),11) (Set(4767),4) (Set(1099511631630),12) (Set(2199023257212),1) (Set(465),8) (Set(2199023256318),13) (Set(2199023259467),9) (Set(1099511628095),5) (Set(2199023259066),7) (Set(3298534887143),2)
(source, target) : 
(2608,1791) (1099511630680,987) (2199023258275,987) (2199023258704,2194) (2608,2194) (3705,2608) (2199023258275,2194) (1099511628575,3688) (1099511628575,4047) (2199023259515,1099511628575) (2199023257352,2199023257274) (1099511628575,2874) (4528,2874) (2199023257274,1564) (2199023259885,2608) (2199023257097,2194) (2199023256715,1099511628575) (2199023257274,2004) (2199023257352,4528) (4528,2608) (2199023259885,2199023257274) (1099511631199,2194) (2194,1791) (1099511629960,2194) (2199023258704,4281) (2199023259515,2199023258704) (2199023257274,1099511630354) (2199023258157,1564) (2199023260146,2199023257274) (2199023256715,1564) (4047,3705) (4528,4047) (2199023259885,4528) (2199023259885,2194) (2199023259515,2199023256715) (2199023259885,3705) (1099511628629,4528) (2199023256715,2698) (3825,1564) (1099511629960,2608) (2199023259885,2199023257352) (2874,2608)

Size : 28
10|2010-08-24 16:44:02.83|25769941790|2608|About Stanley . About Muddy Wa. About Have You. About Saddam H. About Mons.|Wei Zhu|25769941788|
(name, group) :
(Set(2199023257212),1) (Set(465),6) (Set(1099511631630),11) (Set(1099511628095),5) (Set(2199023256318),12) (Set(3298534887143),3) (Set(2199023259517),8) (Set(2199023256845),9) (Set(1099511631199, 1099511628629, 4528, 4047, 2698, 1564, 2199023258157, 2199023258704, 2199023257274, 2199023258275, 2199023259885, 1791, 1099511629960, 2199023256715, 2199023259515, 2874, 2199023260146, 2194, 3825, 2004, 2608, 1099511630680, 3705, 4281, 2199023257097, 2199023257352, 987, 1099511630354),2) (Set(3688),10) (Set(2199023259467),7) (Set(976),4)
(source, target) : 
(2608,1791) (1099511630680,987) (2199023258275,987) (2199023258704,2194) (2608,2194) (3705,2608) (2199023258275,2194) (2199023257352,2199023257274) (4528,2874) (2199023257274,1564) (2199023259885,2608) (2199023257097,2194) (2199023257274,2004) (2199023257352,4528) (4528,2608) (2199023259885,2199023257274) (1099511631199,2194) (2194,1791) (1099511629960,2194) (2199023258704,4281) (2199023259515,2199023258704) (2199023257274,1099511630354) (2199023258157,1564) (2199023260146,2199023257274) (2199023256715,1564) (4047,3705) (4528,4047) (2199023259885,4528) (2199023259885,2194) (2199023259515,2199023256715) (2199023259885,3705) (1099511628629,4528) (2199023256715,2698) (3825,1564) (1099511629960,2608) (2199023259885,2199023257352) (2874,2608)

Size : 24
10|2010-08-22 19:15:06.24|25770784534|2194|About Alexander Pushkin, about his hon. About Moldavian Soviet Socialist Repu.|Alexander Dobrunov|25770784532|
(name, group) :
(Set(1099511628501),1) (Set(2199023258898, 4528, 1099511629672, 1847, 2199023257822, 1099511629948, 1099511632041, 2199023258214, 2199023257274, 2199023259477, 2199023259885, 1099511628642, 1099511629479, 2199023259353, 4688, 2199023257701, 1099511631424, 2194, 3780, 2199023256115, 2199023257352, 2199023256590, 2199023257904, 2199023257532),2)
(source, target) : 
(1099511628642,4528) (2199023258214,2199023257532) (2199023256115,1099511629672) (2199023257532,2194) (2199023258214,1099511632041) (2199023257701,2199023257274) (2199023258898,4688) (2199023257701,2199023257532) (2199023257352,1099511629479) (2199023257532,2199023257274) (1099511628642,4688) (2199023257352,4688) (3780,2194) (1099511629948,1099511629479) (2199023258214,2199023256115) (1099511631424,1099511629672) (2199023257532,1099511628642) (2199023258214,1099511631424) (2199023257352,1847) (2199023257274,2199023256590) (1099511629672,1099511629479) (2199023257822,1099511628642) (1099511632041,1099511631424) (2199023257274,1099511628642) (2199023256590,4528) (2199023256590,3780) (1099511629672,1099511628642) (2199023257352,2199023257274) (2199023257532,1099511629948) (2199023259353,2199023257274) (1099511629479,1099511628642) (2199023259477,2199023258214) (2199023256590,2199023256115) (2199023257904,1847) (2199023257352,4528) (2199023259885,2199023258214) (2199023257352,2199023256590) (2199023259885,2199023257274) (4528,3780) (2199023259477,2199023257274) (2199023257274,1099511632041) (2199023257701,1099511628642) (2199023257822,4528) (2199023258898,1099511629672) (2199023258898,1099511631424) (2199023256115,1099511631424) (2199023256115,3780) (1099511629948,1847) (2199023256590,4688) (1099511629479,4688) (4688,3780) (1099511629672,1847) (2199023257701,2199023256590) (2199023256590,1099511628642) (1099511629672,3780) (1099511629948,3780) (2199023257532,2199023256115) (2199023259477,1847) (2199023259885,4528) (2199023259885,2194) (2199023259885,1847) (1099511629479,4528) (2199023258898,2199023258214) (2199023257701,2199023256115) (2199023259885,2199023257532) (2199023257701,1099511632041) (2199023256115,4688) (2199023257822,2199023257352) (2199023256115,1099511629479) (2199023257532,2199023257352) (2199023257274,3780) (2199023259477,2199023259353) (2199023258898,2199023256115) (4688,4528) (2199023258214,2199023257274) (2199023257701,1847) (2199023258898,2199023257532) (2199023259885,2199023257352) (1099511629672,4688) (1099511629948,1099511629672) (2199023258214,4688) (1099511632041,1099511628642) (1099511631424,1099511629479) (2199023257904,2199023257352) (2199023257352,2199023256115)
