Size : 60
10|2010-09-11 02:48:00.365|25769877670|3780|About Augustine of Hippo, Augustine develo. About Independent State of Croatia, Addi.|Chen Li||25769873412
(name, group) :
(Set(3298534887706, 2199023255628),23) (Set(2199023256969),2) (Set(3298534887229),33) (Set(3298534883973),5) (Set(1099511632617),38) (Set(3994),29) (Set(3372),28) (Set(1099511632432),6) (Set(1099511632314, 1099511630039),26) (Set(2199023258615),25) (Set(1099511632032),20) (Set(2199023260452),34) (Set(2199023256942),30) (Set(1099511631215),16) (Set(1099511629877),4) (Set(1099511631241),24) (Set(3661),17) (Set(1099511629485),11) (Set(4517),19) (Set(2199023259626),13) (Set(1099511632106),37) (Set(1099511630552),1) (Set(2199023257801),36) (Set(2199023258317, 2199023258177),18) (Set(2199023255602),12) (Set(2199023256293),31) (Set(1099511627984),27) (Set(4005, 3298534883469, 3298534887061, 2199023256184, 2199023259396, 3298534885318, 2199023258935, 4607, 2199023257694, 2199023256649, 2199023259041, 1099511630682, 1099511632041, 2199023258214, 2199023257466, 1099511632155, 2199023259477, 2199023259885, 1099511632601, 1099511628642, 2199023260397, 3298534884908, 2199023260352, 2199023259961, 2199023259353, 4577, 1099511630379, 2199023256824, 3298534887610, 2199023257999, 2199023258686, 1099511628176, 2199023258148, 3764, 1099511632001, 1099511630947, 2199023257622, 2199023257701, 3949, 3298534887826, 2199023256751, 1099511628022, 3412, 2199023260146, 2199023257989, 2199023258499, 2199023257476, 3780, 2199023258262, 1099511631898, 3601, 1099511632751, 2199023259437, 2199023257352, 2199023256590, 3298534886091, 4555, 1099511630354, 2199023258973, 2199023257532),7) (Set(2199023257657),15) (Set(1099511632338),10) (Set(1099511628942),3) (Set(2199023255786),21) (Set(3298534887638),14) (Set(1099511630189),35) (Set(3454),32) (Set(3298534887438),22) (Set(1099511628676),9) (Set(3298534888107),8)
(source, target) : 
(1099511631898,4555) (3298534886091,2199023259961) (1099511628642,4577) (2199023257352,2199023256590) (2199023258148,2199023257532) (3298534887826,3412) (2199023259437,2199023259396) (2199023259961,2199023258214) (2199023256824,3764) (3298534883469,1099511632751) (3298534886091,2199023258214) (2199023260352,2199023258935) (2199023259885,2199023259396) (2199023257476,3780) (2199023258214,2199023257999) (2199023259961,3780) (2199023258686,4555) (3298534887610,4607) (2199023260352,2199023259437) (2199023259885,2199023257466) (2199023256824,1099511628022) (1099511630682,1099511628642) (2199023258148,3780) (2199023257352,1099511630379) (2199023257701,2199023257622) (2199023259477,2199023259353) (2199023259041,3601) (2199023259885,2199023257532) (1099511628176,1099511628022) (2199023260352,1099511630379) (3298534887610,3780) (3298534887061,2199023257466) (2199023259885,2199023257622) (2199023259041,2199023257694) (2199023259961,1099511628642) (2199023259041,1099511632041) (2199023259477,2199023258214) (2199023260146,2199023257466) (2199023257701,1099511632751) (2199023256590,1099511628642) (3298534884908,3298534883469) (2199023257701,2199023257532) (4577,4555) (2199023259961,2199023259885) (2199023258499,2199023258214) (3298534884908,2199023257622) (2199023260352,1099511628176) (3298534886091,2199023257466) (2199023258148,2199023257352) (1099511632601,3780) (3298534887706,2199023255628) (2199023258214,2199023257532) (2199023257701,1099511632041) (2199023258214,1099511632041) (4577,3412) (3298534883469,2199023259885) (2199023257532,2199023257352) (2199023259396,4577) (3298534886091,2199023260397) (2199023257466,1099511630354) (3298534887610,2199023258499) (3298534883469,2199023259961) (2199023259353,2199023257622) (3298534883469,4555) (2199023258499,2199023257532) (2199023257701,2199023256590) (3298534887610,2199023257999) (2199023260352,3949) (4607,4555) (2199023259041,4607) (1099511632314,1099511630039) (2199023257622,2199023257352) (2199023258262,1099511632041) (2199023257622,1099511628642) (2199023259477,2199023259041) (3298534887610,2199023259396) (2199023258262,3780) (3298534883469,2199023259396) (2199023259041,1099511630354) (2199023257989,4555) (2199023259961,2199023257532) (3298534885318,1099511632751) (1099511632155,4607) (2199023258214,2199023257622) (3298534887610,2199023256751) (4005,3412) (2199023257622,2199023256590) (3298534887610,2199023259961) (2199023256649,4555) (2199023257466,2199023257352) (1099511632001,4555) (2199023257999,2199023257532) (2199023257622,3780) (3298534884908,2199023258214) (3780,3412) (2199023259041,1099511630947) (2199023259961,2199023259041) (2199023258214,1099511630379) (2199023258262,2199023257352) (2199023256590,1099511632751) (2199023257352,3412) (4577,3780) (3298534884908,2199023257701) (3298534887610,2199023256184) (2199023259437,1099511632155) (2199023258973,3780) (2199023259885,2199023258214) (3298534887061,2199023259885) (1099511632041,1099511628642) (2199023259396,1099511628642) (2199023258317,2199023258177) (2199023257532,1099511628642) (2199023259041,1099511632751) (2199023257622,1099511632041) (2199023257622,2199023257532) (3298534887610,2199023259885) (2199023259961,2199023259396) (2199023259885,2199023257352) (2199023259477,2199023257622) (2199023257701,1099511628642) (2199023256590,3780)

Size : 35
10|2010-09-14 20:15:41.463|25770854473|1099511632421|About Augustine of Hippo, ti. About Paul the Apostle, area. About Bono, and 50,00. Ab.|Jun Hu||25770853773
(name, group) :
(Set(1099511632742),3) (Set(2199023258563, 1099511628629, 4528, 2886, 4511, 2199023259041, 687, 2199023257338, 1099511629948, 2199023258214, 3060, 1131, 3760, 1099511630761, 2199023256804, 1099511629479, 4577, 2817, 2199023256715, 2199023258095, 3192, 2874, 3298534883914, 3539, 1099511630504, 2199023257701, 3298534884223, 2199023255611, 3748, 2608, 1099511630454, 2199023256115, 3633, 2199023256318, 3924),5) (Set(2199023260102),8) (Set(998),2) (Set(1099511632106),7) (Set(1099511631444),4) (Set(1099511632099),1) (Set(1099511632421),6)
(source, target) : 
(1099511629479,2886) (2199023259041,3539) (1099511629948,1099511629479) (3060,2874) (4577,3924) (2199023258214,2199023258095) (3192,3060) (3748,2874) (3298534883914,687) (2199023256115,3748) (4577,3633) (3192,2608) (2199023256715,3748) (3633,3060) (2199023258095,2199023256115) (2199023258563,2199023257338) (3924,3748) (2199023257338,3633) (2199023257701,3748) (2199023257338,1099511630454) (3924,2608) (3298534884223,2199023256115) (4577,2608) (2199023259041,3760) (1099511630504,2874) (3924,3539) (2886,2874) (4577,3748) (1099511629479,4528) (1099511630761,1099511630454) (1099511630454,3924) (3298534883914,2199023255611) (2199023257701,2199023256115) (4528,3633) (2199023257338,2199023256804) (2199023259041,2199023255611) (1099511630504,1099511629948) (2199023258214,3539) (2199023256115,1099511629479) (1099511630504,1099511630454) (2199023258095,3060) (3760,2817) (3060,2886) (2199023259041,2199023256804) (4528,2608) (2199023256804,2817) (2199023258214,2199023256115) (1099511630454,2817) (1099511629479,4577) (1099511629948,4577) (3060,2608) (2199023256115,2199023255611) (2199023258095,4528) (3192,2874) (4528,2874) (3924,3633) (2886,2608) (2199023256804,2199023256715) (2199023257338,2199023256715) (1099511630454,3748) (4577,4528) (1099511630454,2874) (4511,3060) (1099511630454,2608) (3298534883914,2199023259041) (2199023256318,3060) (2199023259041,1099511629479) (1099511629948,2608) (1099511630454,1099511629948) (3748,3060) (3633,3192) (2874,2608) (2199023256804,1099511629479) (3633,2886) (2817,687) (2199023259041,2199023258095) (2199023257338,3748) (4511,2886) (4528,3748) (2199023256115,1099511630504) (2199023257338,2199023256115) (2199023258214,2199023256804) (4528,2886) (4511,2874) (3633,2608) (1099511629479,1099511628629) (1099511628629,4528) (4528,3924) (3748,3633) (2608,1131) (3748,2817) (1099511630761,1099511629479)

Size : 32
10|2010-09-10 23:54:30.256|25770641196|2199023257352|About Augustine of Hippo, Augustine estab. About Boris Yeltsin, Aleksandr Korzhakov.|Wei Wang||25770641056
(name, group) :
(Set(2330),1) (Set(4290, 555, 1099511628629, 1099511629519, 4047, 2886, 2199023259530, 1099511632669, 2199023257822, 1099511628164, 2199023257466, 4693, 2199023259885, 1099511628642, 1099511630552, 1099511629479, 4577, 4465, 2199023258095, 2874, 4688, 2199023257622, 1099511630088, 3039, 3748, 2608, 3780, 2199023257352, 3633, 2199023256590, 3924, 1099511631095),2)
(source, target) : 
(1099511630552,2886) (2199023256590,4688) (1099511628642,4577) (1099511629479,4688) (1099511629479,2886) (2199023257466,2874) (2199023257352,2199023256590) (4577,3924) (4465,3748) (2199023257822,2199023257622) (3748,2874) (1099511629479,1099511628642) (4693,4577) (4577,3633) (2199023259530,2199023257352) (4688,3780) (4688,4290) (2199023259885,2886) (2199023259885,2199023257466) (1099511630088,1099511628642) (1099511628629,3039) (3924,3748) (4688,3924) (4693,3924) (3924,2608) (4577,2608) (2886,2874) (4465,2886) (4577,3748) (2199023259885,2199023257622) (4290,3924) (2199023256590,1099511628642) (1099511630088,2608) (1099511629519,1099511628642) (4290,2874) (2199023257352,2886) (3924,3780) (1099511629479,555) (1099511630552,2608) (1099511628642,4688) (2199023257466,4047) (2199023259885,2199023259530) (2199023258095,2199023257352) (2199023259885,1099511632669) (4688,3633) (2199023257466,2608) (1099511628642,555) (2199023258095,3039) (2199023257466,1099511628629) (2886,555) (2199023257822,2199023257352) (1099511629519,4688) (4465,4290) (3748,3039) (1099511629479,4577) (4465,3633) (4577,3039) (1099511628642,3924) (1099511628642,1099511628629) (2199023257622,2199023257352) (3780,3748) (4465,3780) (4465,2608) (3039,2608) (4290,2608) (3924,3633) (2199023257622,1099511628642) (2886,2608) (3039,2874) (2199023256590,3748) (4688,4577) (3780,3633) (1099511628642,1099511628164) (1099511632669,555) (4290,3748) (4693,2886) (4693,2874) (2199023257622,2199023256590) (3924,3039) (2199023257466,2199023257352) (1099511630088,3780) (4577,4465) (2199023257622,1099511629479) (2199023257352,4688) (4290,3780) (2199023257622,3780) (3633,3039) (3748,555) (1099511628642,3748) (2874,2608) (3039,2886) (3633,2886) (4290,3633) (2199023259885,2608) (4577,3780) (3633,555) (1099511630088,1099511629519) (4577,4290) (1099511631095,2886) (1099511628629,1099511628164) (4465,3924) (2199023257352,1099511629479) (2199023257622,4688) (2199023257822,1099511628642) (1099511629479,3039) (3633,2608) (2199023259530,4688) (1099511629479,1099511628629) (1099511629519,1099511629479) (1099511628629,4688) (3748,3633) (2199023259885,2199023257352) (3780,2874) (2199023256590,3780)

Size : 31
10|2010-09-15 21:41:37.714|25769877266|3298534886091|About Pope Pius IX, this, Pius IX was also the last Pope to rule as the Sovereign of .|Michael Wang|25769877261|
(name, group) :
(Set(1099511632314),14) (Set(1099511628176),15) (Set(3298534883973),4) (Set(2199023255602),8) (Set(3298534887438),13) (Set(1099511632432),5) (Set(1099511630947),19) (Set(3661),10) (Set(1099511632338),6) (Set(1099511632617),25) (Set(3372),17) (Set(2199023257801),23) (Set(2845),18) (Set(1099511632032),12) (Set(3298534887061, 2199023256184, 2199023259396, 4607, 1099511630682, 2199023258214, 2199023257466, 2199023259885, 1099511628642, 2199023260397, 4577, 3298534887610, 3298534885982, 2199023257999, 2199023258686, 2199023258148, 1099511632001, 2199023257701, 2199023256751, 3412, 2199023257989, 2199023258499, 2004, 1099511631898, 1099511632751, 2199023259437, 2199023256590, 3298534886091, 4555, 1099511630354, 2199023257532),2) (Set(1099511630552),1) (Set(2197),3) (Set(1099511632106),24) (Set(2199023258177),7) (Set(2199023256293),20) (Set(2199023257694),26) (Set(4517),11) (Set(1099511630189),22) (Set(1099511631215),9) (Set(2199023257476),16) (Set(2199023260452),21)
(source, target) : 
(1099511631898,4555) (1099511628642,4577) (2199023258148,2199023257532) (2199023259437,2199023259396) (3298534886091,2199023258214) (2199023259885,2199023259396) (2199023258214,2199023257999) (2199023258686,4555) (3298534887610,4607) (2199023259885,2199023257466) (1099511630682,1099511628642) (2199023259885,2199023257532) (3298534887061,2199023257466) (2199023257701,1099511632751) (2199023256590,1099511628642) (2199023257701,2199023257532) (4577,4555) (2199023258499,2199023258214) (3298534886091,2199023257466) (2199023258214,2199023257532) (4577,3412) (2199023259396,4577) (4555,2004) (3298534886091,2199023260397) (2199023257466,1099511630354) (3298534887610,2199023258499) (2199023258499,2199023257532) (2199023257701,2199023256590) (3298534887610,2199023257999) (3298534885982,2199023259396) (4607,4555) (3298534885982,2199023257466) (3298534887610,2199023259396) (2199023257989,4555) (3298534887610,2199023256751) (2199023257466,2004) (1099511632001,4555) (2199023257999,2199023257532) (2199023256590,1099511632751) (3298534887610,2199023256184) (3298534886091,3298534885982) (2199023259885,2199023258214) (3298534887061,2199023259885) (2199023259396,1099511628642) (2199023257532,1099511628642) (3298534887610,2199023259885) (2199023257701,1099511628642)

Size : 25
10|2010-09-10 20:03:17.681|25771019827|1099511628310|About Augustine o. About Herbert Kit. About Lyndon B. J. About Will.i.am, . About Love Sh.|Georgios Antoniou|25771019825|
(name, group) :
(Set(2698, 3298534884142, 1099511632098, 1099511628501, 2199023260136, 1274, 3298534887959, 1099511629430, 1099511629096, 2199023260352, 3587, 1219, 2199023259841, 1099511628176, 4273, 2199023259515, 3627, 143, 1099511628968, 3825, 2199023257212, 1099511628310, 2783, 1099511629614, 1099511628575),1)
(source, target) : 
(1099511629430,3587) (2199023260136,1099511629430) (1099511632098,1099511629430) (3298534887959,1099511629430) (1099511632098,1219) (1099511629430,1099511628575) (1099511629430,1099511628310) (1099511628968,3825) (1099511629430,3825) (2199023259515,1099511628575) (3587,143) (1099511628501,4273) (2199023260136,143) (3627,2698) (1099511632098,2698) (2199023260352,1099511628176) (3298534887959,143) (1099511632098,143) (1099511629614,1099511628176) (1099511632098,3825) (1099511632098,1099511628501) (3825,2783) (3627,143) (2199023259841,1099511629430) (3298534887959,3298534884142) (2199023260136,2199023257212) (1099511628310,3627) (2199023260352,1219) (1219,143) (1099511628501,1099511628310) (1099511628310,143) (1099511629096,3627) (1099511632098,1099511628176) (1099511628310,1274) (1099511628176,1219) (2199023260136,1099511628176) (1099511629430,1274)
