Size : 25
10|2010-09-20 20:04:22.604|25771052423|2199023258214|About Sheryl Crow, February 11, 1962) is an American singer-songwriter, record produce.|Anson Zhu|25771052421|
(name, group) :
(Set(3298534883469, 2199023259396, 1099511629672, 1847, 2199023259041, 2199023259227, 3298534884297, 2199023258214, 2199023257274, 2199023259885, 1099511628642, 3060, 3298534887610, 2199023259615, 3298534883946, 2199023258095, 609, 3298534887374, 1099511631424, 465, 3780, 1161, 1099511632099, 3298534886091, 2199023257532),1)
(source, target) : 
(1099511629672,1099511628642) (2199023259615,2199023259227) (3298534883469,2199023259396) (2199023259396,1161) (2199023259396,2199023258095) (3780,3060) (3298534883469,1847) (3298534883946,2199023257532) (2199023259227,3780) (2199023259615,1847) (3060,609) (3298534887610,3780) (3298534887610,2199023259227) (2199023257532,1099511628642) (3298534887610,2199023257274) (2199023259227,2199023259041) (2199023259396,1099511628642) (3298534887610,2199023258095) (3298534887610,2199023259885) (2199023259041,1847) (2199023258214,2199023257532) (3298534883946,3298534883469) (1847,1161) (3298534887374,3060) (3298534887374,2199023257532) (2199023257274,1099511628642) (2199023259885,2199023258214) (1099511628642,3060) (2199023259396,2199023257274) (3298534886091,2199023259227) (3298534884297,3298534883469) (1099511631424,1099511629672) (2199023258214,1099511631424) (2199023259396,2199023259227) (2199023259885,1847) (1099511629672,1847) (1099511629672,3780) (2199023257532,3060) (3298534883469,2199023259885) (2199023258095,1847) (2199023258095,3060) (2199023259227,465) (2199023259885,2199023259396) (2199023259615,2199023257532) (1099511628642,465) (1099511631424,1161) (3298534883469,3060) (3298534884297,1099511629672) (2199023259885,2199023257274) (1099511632099,465) (2199023259885,2199023257532) (3298534883469,2199023259615) (2199023259041,2199023257274) (3298534887374,1099511631424) (2199023259615,2199023258095) (1099511632099,1099511628642) (3298534883469,2199023257274) (3298534886091,2199023259615) (1099511628642,1161) (3298534887374,2199023259615) (3298534883946,1847) (3298534883469,2199023259227) (2199023258214,2199023258095) (2199023258095,2199023257532) (3298534887610,2199023259396) (2199023259041,2199023258095) (3298534887374,1161) (3298534886091,2199023257274) (3298534883946,3780) (3298534886091,2199023258095) (3060,1161) (2199023259227,2199023258095) (2199023258214,2199023257274) (3298534886091,1161) (2199023259041,1099511629672) (2199023257274,3780) (3298534886091,2199023258214) (3298534884297,2199023257532) (3298534883946,2199023259885) (2199023257532,2199023257274)

Size : 21
10|2010-09-21 17:41:01.887|25770334880|4139|About Count Basie, at a local theater in. About In My Time, passage in the Bible.|Baruch Dego|25770334877|
(name, group) :
(Set(2199023256115),1) (Set(3298534884801, 2199023259066, 2199023256352, 1099511629741, 2199023259041, 3298534884676, 1099511630737, 1099511627912, 4233, 2199023255633, 2317, 1050, 1099511632632, 296, 3298534887610, 1099511632283, 4139, 2199023257144, 1726, 2199023257212, 2783),2)
(source, target) : 
(3298534887610,1050) (2199023257144,1099511629741) (2783,1050) (3298534884676,2317) (1099511632283,4139) (2199023259041,1099511630737) (4139,2317) (3298534884676,2199023255633) (2199023259041,296) (3298534884801,2199023255633) (2199023257144,2317) (2199023259041,2783) (2199023256352,1099511632283) (2199023256352,4233) (2199023257144,2783) (2199023259066,2199023256352) (3298534884676,4139) (1099511632283,1099511627912) (3298534887610,1099511632283) (2199023259041,2199023255633) (2783,2317) (3298534884801,3298534884676) (2783,1726) (2199023259041,2199023257212) (2199023259041,4233) (2199023257212,4233) (3298534884801,2317) (1099511630737,4139) (3298534887610,2783) (2199023257144,296) (1099511632632,4139)

Size : 16
10|2010-09-24 23:22:03.947|25771024329|2199023256804|About Joan of . About Tony Bla. About Anne, Qu. About Thomas J. About Robe.|Jie Zhang||25771023373
(name, group) :
(Set(3298534883946),5) (Set(1099511630436),4) (Set(2199023258029),8) (Set(1099511629769),3) (Set(2199023257693),7) (Set(4615),1) (Set(4827),6) (Set(1099511628629, 4528, 1099511629519, 1099511629948, 1099511628642, 1099511630761, 2199023256804, 2199023259615, 4688, 2199023257622, 2199023255625, 2199023258499, 1099511629845, 2199023256115, 1099511632751, 2199023257352),2)
(source, target) : 
(2199023257622,4688) (1099511629948,1099511629845) (2199023256804,1099511629845) (2199023259615,2199023256115) (1099511629519,4688) (2199023256115,1099511629845) (2199023257352,2199023255625) (2199023256115,1099511632751) (2199023257622,4528) (1099511629519,1099511628642) (2199023255625,4688) (2199023255625,1099511628642) (1099511629519,4528) (2199023257352,4528) (2199023259615,2199023257352) (2199023255625,1099511629845) (2199023257622,2199023256115) (2199023257352,4688) (1099511628629,4688) (1099511628642,4688) (1099511632751,4688) (1099511630761,1099511629845) (2199023257622,1099511628642) (2199023256115,2199023255625) (2199023258499,4688) (1099511628642,4528) (2199023255625,1099511632751) (1099511629845,4688) (4688,4528) (1099511628629,4528) (1099511628642,1099511628629) (2199023257622,2199023257352) (2199023256115,4688) (2199023257352,2199023256115) (2199023257622,1099511629948)

Size : 14
10|2010-09-25 12:22:47.352|25770509413|555|About Welcome to Jamrock, Best Urban/Alternative Performance (for the track Welc.|Chen Yang||25770508860
(name, group) :
(Set(3298534885898),8) (Set(2199023260347),7) (Set(870),2) (Set(4005, 555, 2199023259227, 1355, 3298534883946, 1099511631838, 2199023255593, 3412, 2199023258177, 2194, 2199023257476, 3780, 3705, 2199023258973),4) (Set(1099511629519),5) (Set(2199023256751),1) (Set(2199023258605, 2199023257702, 4644, 459),9) (Set(1099511632421),6) (Set(96),3)
(source, target) : 
(3780,2194) (2199023257702,4644) (4644,459) (1099511631838,3705) (3780,3412) (2199023259227,3780) (2199023255593,3412) (2199023258177,2199023255593) (3705,555) (2199023258973,3780) (2199023257476,3780) (2194,1355) (3412,555) (2199023255593,3705) (4005,3705) (4005,2194) (2199023258605,4644) (3705,3412) (4005,3412) (3298534883946,3780)

Size : 13
10|2010-09-20 11:50:49.688|25769865833|3606|About Elton John, of all time. About Snoop Dogg, sold only h. About Drive My Car, Car is.|Andrew Kibona|25769865831|
(name, group) :
(Set(1099511630776, 1099511631018, 2199023260482, 2199023258866, 1099511632098, 2199023259517, 1099511628501, 3606, 1099511629287, 1573, 2199023257350, 2199023259031, 2199023260362),1) (Set(2199023257274, 1099511631168, 3298534887085, 1355),2) (Set(2199023259884),3) (Set(2199023256041),4)
(source, target) : 
(2199023260362,1099511630776) (1099511631018,1573) (2199023258866,1099511631018) (2199023259517,1099511632098) (2199023257350,1099511632098) (1099511631018,3606) (3298534887085,1355) (1099511631018,1099511629287) (2199023259031,1099511628501) (1099511631168,1355) (2199023258866,1099511628501) (2199023257350,1099511630776) (1099511632098,1099511628501) (2199023260362,1099511629287) (2199023259517,2199023257350) (2199023260482,1099511630776) (2199023258866,1099511629287) (2199023257274,1355)
