Size : 42
10|2010-09-30 12:03:14.079|25770584014|1099511628629|About Fidel. About Haile. About Isabe. About Dwigh. About 50 Ce. About Ethio. Abo.|Chen Li||25770583663
(name, group) :
(Set(555, 2199023258898, 1099511628629, 1099511629519, 2886, 2199023257694, 1847, 2199023259041, 1099511630682, 3298534884297, 1099511629948, 2199023256642, 1099511630415, 1099511628642, 3298534883493, 2199023259961, 1099511630761, 1099511629479, 4577, 3298534885982, 1099511629040, 2199023260094, 3539, 1099511630504, 1099511632421, 4688, 2199023257622, 1099511631424, 2199023255625, 2199023260102, 1099511630088, 3298534883898, 2199023255611, 1099511629845, 3298534884136, 3780, 2199023258262, 1099511630940, 2199023256115, 4178, 4848, 1099511628232),1) (Set(1099511631917),2) (Set(3298534884346),3) (Set(2199023256810),4)
(source, target) : 
(1099511630682,1099511628642) (1099511630088,1099511629845) (2199023256115,1099511629845) (2199023258898,4688) (1099511629519,1099511629040) (1099511629479,4178) (1099511631424,1099511628232) (1099511628642,4688) (1099511630088,1099511629040) (1099511630682,2886) (1099511631424,1099511630415) (2199023258262,1099511629479) (2199023259961,1099511631424) (2199023257622,4688) (2199023258262,2199023256115) (1099511629948,1099511629479) (1099511630682,1099511630504) (2199023255625,1099511628642) (1099511629479,1099511628629) (2199023259041,2199023255611) (1099511631424,1099511630682) (1099511632421,1099511631424) (2199023256115,2199023255611) (1099511629948,3780) (1099511630682,1099511629479) (1099511629845,4577) (2199023258898,2199023256115) (1099511631424,1099511628629) (2199023257622,1099511631424) (2199023259041,2199023257694) (1099511631424,2886) (2199023256115,2199023255625) (2199023257694,4848) (2199023256642,1099511628642) (3298534884136,2199023256115) (1099511629948,4577) (1099511630088,3780) (2199023257622,1099511629479) (2199023259041,1847) (1099511630761,1099511629479) (3298534883898,4688) (2199023257622,2199023256115) (2199023257694,2199023255625) (4688,4577) (2199023255625,1099511629479) (1099511630504,4688) (2199023255625,4688) (1099511629040,1099511628629) (1099511629479,1099511628642) (2199023259041,1099511629479) (4688,4178) (1099511630682,1099511629040) (1099511630088,1099511629519) (2199023260102,2199023258898) (1099511629845,4688) (2199023257622,1099511628642) (1099511629845,1099511629479) (3298534885982,1099511630504) (1099511629479,555) (2199023259961,2199023259041) (1099511629040,1099511628642) (1099511630940,1847) (1099511629845,3780) (2199023257622,1847) (2199023258898,2199023256642) (2199023257622,1099511629948) (2199023256115,1099511631424) (3298534884297,2199023259961) (2199023255625,1099511630504) (3298534883493,1099511629040) (2199023259961,1099511628642) (2199023260102,1099511631424) (1099511629845,1847) (2199023256115,4178) (1847,555) (3298534883493,1847) (1099511632421,4688) (2199023259961,1847) (2199023258262,3780) (2199023255625,2199023255611) (1099511630761,1099511629845) (1099511628642,1099511628629) (2199023260102,1847) (1099511628642,4577) (1099511629519,1099511628642) (1099511629479,2886) (2199023257622,3780) (2886,1847) (2886,555) (1099511629040,1847) (1099511629519,4688) (1099511629040,4577) (1099511629479,4577) (2199023256642,2199023255625) (1099511629845,1099511629040) (1099511632421,1099511630682) (1099511628642,555) (1099511629519,1847) (4688,3780) (1099511630088,1099511628642) (2199023256115,4688) (1099511630504,1099511629948) (2199023256115,3780) (1099511630088,1099511629948) (1099511629948,1847) (1099511628629,4688) (3298534884297,1099511630504) (1099511630415,3539) (1099511630761,555) (2199023258262,3539) (1099511629948,1099511629845) (1099511631424,1099511629845) (1099511629479,4688) (1099511630761,1099511629040) (2199023259961,3780) (1099511629845,4848) (2199023258898,2199023257622) (2199023256115,1099511629479) (1099511631424,1099511629479) (1099511630504,1099511629845) (1099511632421,1847) (2199023255625,1099511629845) (4577,3780) (2199023259041,3539) (2199023258898,1099511631424) (4848,4178) (1099511629519,1099511629479) (2199023256642,1099511630504) (1099511629479,1099511629040) (2199023256115,4848) (2199023256115,1099511630504) (2199023260094,2199023259041)

Size : 28
10|2010-10-01 07:13:25.505|25770436787|2199023259437|About Che G. About Louis. About Keith. About Mark . About Cyndi. About Linds. Abou.|Barbara Kanam Bembo-Leta|25770436782|
(name, group) :
(Set(1099511629086),2) (Set(3298534884087),10) (Set(3298534883522, 1099511631018, 3217, 1099511631578, 2199023258866, 3298534885754, 1099511631980, 1099511628211, 4018, 3298534885168, 102, 2845, 3298534885464, 3298534887610, 2706, 3764, 318, 3298534888309, 1099511630976, 3298534883914, 4688, 1099511631424, 1099511631072, 2199023259437, 4178, 1099511628122, 3212, 2199023260362),9) (Set(2023),4) (Set(2199023256211),8) (Set(1099511628321),1) (Set(2199023257793),7) (Set(3298534888136),5) (Set(2199023256940),3) (Set(2199023258202),6)
(source, target) : 
(3298534883522,102) (1099511631980,1099511631018) (3298534885168,2199023258866) (318,102) (1099511631578,318) (3298534885754,1099511631980) (3298534883522,2199023259437) (3298534885464,3764) (2199023260362,2845) (3298534883522,3212) (3298534887610,3298534885754) (3298534883522,318) (1099511631980,1099511631072) (2199023259437,318) (3298534888309,1099511628122) (2199023259437,3217) (3298534883914,1099511631018) (3298534885464,4018) (3298534887610,1099511628211) (1099511631018,2845) (4688,4178) (1099511631018,102) (3298534883914,1099511628122) (4178,4018) (1099511631018,1099511628122) (1099511630976,1099511628122) (1099511631980,2706) (2199023258866,2845) (1099511631980,1099511631424) (1099511631072,3764) (1099511631424,1099511628211) (2199023258866,1099511631018) (2199023259437,1099511631072) (3298534888309,2199023259437) (1099511631578,102)

Size : 27
10|2010-10-01 21:00:35.238|25770116564|2845|About Steven Sp. About Jerry Lee. About Pete Town. About Hotel Cal. About What Is a. About.|Frederick Kawawa|25770116562|
(name, group) :
(Set(941, 3298534885754, 1099511630201, 238, 3298534885628, 2199023257274, 2023, 2317, 2845, 3755, 3298534885464, 2199023256824, 2817, 4273, 3764, 2199023255689, 3298534888250, 1099511628378, 3298534886150, 3298534883821, 2199023258320, 3298534885276, 2194, 3298534887085, 1099511631168, 1099511631898, 2199023258202),1)
(source, target) : 
(2199023258202,1099511630201) (3298534886150,2199023258202) (3298534888250,2199023258320) (2199023257274,3764) (1099511631898,2317) (2199023256824,3764) (3298534885464,3764) (3764,2817) (3298534885464,2199023256824) (2199023256824,2023) (3298534887085,3298534885628) (3298534885754,3298534885628) (3298534885276,3298534883821) (2199023258202,3755) (2199023258320,2199023258202) (3298534883821,2199023258202) (3298534886150,1099511630201) (3298534885628,2199023255689) (3298534887085,3764) (2817,2194) (3298534887085,2845) (2199023258202,1099511628378) (3298534887085,2199023256824) (2199023257274,941) (3298534888250,3298534886150) (2194,238) (3298534885464,2194) (3298534888250,1099511630201) (3298534885628,2023) (4273,2194) (2199023256824,2817) (2194,941) (3298534888250,3298534883821) (3298534887085,2817) (2199023257274,2845) (3298534887085,2199023258202) (2199023257274,1099511631898) (2199023257274,2199023256824) (1099511631168,2845)

Size : 23
10|2010-09-30 19:46:32.385|25770688788|2199023259615|About Neil Young,. About Haile Selas. About Ira Gershwi. About The Everly . About Whatta .|Lin Zhang||25770688609
(name, group) :
(Set(2199023258898, 2199023259396, 2199023259530, 1847, 1099511628211, 2199023259227, 3298534884297, 2199023257274, 2199023259885, 3060, 3298534884908, 2199023259109, 2199023259961, 3298534885982, 1099511629040, 2199023259615, 3298534883946, 3298534885985, 3298534887374, 3298534884223, 3298534884136, 1099511632751, 4555),1)
(source, target) : 
(3298534883946,2199023259885) (2199023259961,2199023259227) (3298534887374,2199023259961) (2199023259615,1099511629040) (2199023259227,2199023258898) (2199023259615,2199023258898) (2199023259615,2199023259530) (3298534885982,2199023259227) (2199023259530,3060) (1099511629040,4555) (2199023259396,2199023259227) (3298534885985,3298534885982) (2199023259961,2199023259396) (2199023259961,2199023259615) (3298534887374,2199023259615) (2199023259396,2199023257274) (3298534884908,3298534884136) (2199023259961,2199023259885) (3298534884136,3298534883946) (2199023259885,2199023257274) (3298534884223,2199023259885) (2199023259396,2199023258898) (3298534884136,2199023259109) (2199023259530,2199023259227) (3298534885982,2199023259396) (2199023259396,1099511629040) (2199023259961,2199023257274) (2199023259615,4555) (3298534887374,3060) (3298534885982,2199023259109) (3298534884908,2199023257274) (3298534883946,2199023259961) (1099511628211,4555) (2199023259109,3060) (3298534884908,2199023258898) (3298534887374,1099511629040) (2199023259885,2199023259530) (3298534885982,4555) (3298534884297,2199023259961) (2199023259615,2199023259227) (2199023259530,2199023259396) (2199023257274,4555) (2199023259961,1847) (2199023258898,1099511632751) (2199023259227,2199023259109) (2199023259885,2199023259396) (1099511629040,1847) (3298534887374,3298534884297) (2199023259396,2199023259109) (3298534885982,2199023257274) (2199023259530,2199023258898) (2199023259615,1847) (2199023259961,3060) (3298534884223,2199023259109) (2199023259227,1099511632751) (3298534887374,3298534885982) (3298534884136,2199023259227) (3298534884223,2199023259615) (2199023259885,1847) (2199023257274,1099511632751) (2199023259530,2199023259109) (3298534887374,2199023258898) (3298534883946,1847) (2199023259109,2199023258898) (3298534885985,2199023257274) (3298534884908,3298534884223) (3298534884136,2199023259885) (3298534884223,3298534884136)

Size : 21
10|2010-09-30 11:50:05.662|25770237645|2199023256040|About Donovan, f. About James Brow. About Michael Jo. About UHF – Orig. About 7 and .|Antonio Garcia|25770237642|
(name, group) :
(Set(4607, 3298534885754, 4008, 1099511632098, 2199023259112, 974, 1099511632155, 2317, 3298534884340, 2199023259353, 2199023256076, 3298534886772, 143, 2194, 378, 1099511631072, 2199023257097, 2783, 4848, 3298534887871, 1099511630952),3) (Set(1099511631749),6) (Set(2199023255911),5) (Set(2199023256040, 150),2) (Set(3558),1) (Set(2788),4)
(source, target) : 
(2199023259112,2783) (3298534885754,2783) (4607,974) (1099511632098,1099511631072) (1099511631072,2783) (4607,378) (2783,2317) (3298534887871,2783) (2199023256040,150) (2199023257097,2194) (4848,4607) (1099511632155,4607) (1099511630952,4607) (3298534887871,4848) (2199023259112,4848) (3298534887871,3298534886772) (1099511632098,378) (4607,2783) (1099511631072,974) (2199023256076,2783) (1099511632155,1099511632098) (4607,2317) (2199023259353,378) (2199023259353,2199023259112) (2199023257097,1099511630952) (3298534884340,2783) (1099511632098,143) (2199023257097,2199023256076) (2199023259112,1099511630952) (4008,2783)
