Size : 52
10|2010-10-13 14:59:58.373|34360964062|1099511632118|About Kevin Rudd. About Arthur C. . About Alfred the. About Maldives, . About Kingd.|Marcelo Costa||34360961826
(name, group) :
(Set(3298534885767),4) (Set(3944),19) (Set(2199023256996),16) (Set(3298534885494),2) (Set(1099511629515),3) (Set(2199023258529),25) (Set(1099511628305),29) (Set(2199023257185),7) (Set(2199023256385),20) (Set(1099511630956),12) (Set(3298534886766),23) (Set(3298534885239),14) (Set(1099511628545),24) (Set(1099511631204, 2199023255770, 1099511631018, 2199023259663, 1099511629073, 2199023257292, 1099511631649, 1099511629940, 1099511629520, 3298534887604, 3298534883670, 3298534884013, 2199023255705, 1099511632772, 1099511630189, 1099511632140, 3298534883665, 1099511631226, 1099511628913, 3298534884340, 1099511629960, 2199023257657, 3298534884556, 2199023256804, 3298534885221, 1099511629040, 1099511629258, 2199023256076, 4139, 3298534888250, 1099511630797, 3298534887649, 1099511630504, 3298534886150, 1099511632118, 1099511628680, 1099511631424, 4534, 1099511628022, 3298534887706, 2199023260289, 2199023255628, 1099511631168, 1099511628301, 2199023255872, 1099511631072, 3298534886101, 2199023258641, 1099511628696, 2199023257097, 1099511631063, 2199023256888),22) (Set(2199023255611),11) (Set(3825),26) (Set(4766),28) (Set(2199023255915),32) (Set(2199023257826),1) (Set(1099511631976),33) (Set(1099511628534),8) (Set(3298534884576),5) (Set(1099511629000, 1099511628501),6) (Set(3298534884992),31) (Set(3298534887188),17) (Set(2199023259311),9) (Set(3298534885212),21) (Set(1099511632387),27) (Set(1099511627971),30) (Set(3298534885754),10) (Set(3298534887189),18) (Set(3298534885659),15) (Set(2199023259109),13)
(source, target) : 
(1099511631424,1099511629940) (3298534885221,1099511631424) (1099511632118,1099511629040) (1099511630189,1099511628680) (1099511631226,4139) (3298534885221,3298534884556) (1099511631204,4139) (2199023260289,1099511632140) (1099511631424,1099511631226) (1099511630189,1099511628301) (2199023257097,2199023256076) (2199023256804,1099511631424) (3298534887706,3298534886101) (2199023255872,4139) (2199023258641,4139) (2199023260289,2199023255705) (1099511631649,4139) (1099511631168,1099511630504) (1099511631072,1099511630189) (1099511628913,4139) (3298534887649,4139) (3298534887604,1099511630504) (3298534886150,1099511629040) (3298534887604,1099511632118) (1099511629960,1099511629040) (1099511629258,4139) (3298534883670,1099511629258) (3298534884013,2199023256076) (3298534887706,3298534883670) (1099511630797,4534) (3298534887604,1099511628022) (3298534887706,2199023255628) (3298534883665,4534) (2199023255628,1099511632140) (1099511631072,4534) (1099511630189,4534) (3298534886101,4139) (3298534888250,3298534886150) (1099511628680,4534) (1099511631018,1099511628696) (2199023257097,1099511629258) (2199023259663,4139) (3298534884013,1099511631226) (3298534885221,2199023255705) (3298534884013,4139) (3298534884556,4139) (2199023255705,1099511632140) (1099511629073,4534) (2199023257292,1099511631424) (1099511632772,4139) (1099511629520,4534) (1099511631424,1099511629960) (3298534886101,3298534884556) (1099511630189,1099511629520) (2199023255770,4139) (2199023256888,4139) (2199023257657,1099511631424) (3298534886150,3298534885221) (1099511628022,4534) (3298534884340,4139) (3298534886150,2199023255628) (2199023260289,1099511631063) (3298534888250,2199023255628) (3298534885221,2199023256888) (2199023255705,1099511631063) (1099511630797,1099511630189) (3298534887706,1099511631018) (1099511629000,1099511628501)

Size : 50
10|2010-10-15 17:58:16.556|34360608207|2199023257693|About Arnold Schwarzenegger. About Mary J. Blige, of the. About Busta Rhymes, him the. About We Global, Rhymes, Pi. About Niggaz4Life, wa.|Pavel Kurková||34360603167
(name, group) :
(Set(3298534887565),39) (Set(3092),15) (Set(1099511627909),4) (Set(3298534886936),35) (Set(1099511630290),19) (Set(2199023260482),17) (Set(3298534884576),6) (Set(1549),14) (Set(2199023259901),29) (Set(1099511632772),33) (Set(2199023256980),21) (Set(2199023255565),10) (Set(4408, 1099511629508, 2199023257546, 4511, 344, 3298534885098, 3298534887312, 2199023259041, 1099511629463, 4892, 2199023257338, 1099511630737, 3298534883633, 2199023258704, 2199023258275, 2199023257466, 1099511628041, 2199023259885, 4233, 3298534887543, 1099511630552, 2199023259854, 985, 2862, 2199023259109, 1099511629960, 3298534885464, 296, 3298534885454, 1099511629040, 4273, 3298534886058, 3298534884992, 668, 3298534883914, 959, 1099511630504, 1099511630947, 3298534887374, 2199023257622, 3298534887874, 1099511629501, 4624, 3298534885452, 3780, 1161, 2199023257097, 3298534887127, 2199023256044, 2199023257532),20) (Set(2199023256810),24) (Set(2817),16) (Set(3298534884346),22) (Set(1099511632456),3) (Set(1099511628545),27) (Set(2370),13) (Set(3991),18) (Set(1099511630966),12) (Set(2199023259841),34) (Set(2199023255815),5) (Set(1148),2) (Set(3298534885653),40) (Set(1099511630403),28) (Set(1099511631439),11) (Set(1099511631226),9) (Set(2199023260174),37) (Set(2199023259124),36) (Set(2199023257721),23) (Set(3779),1) (Set(2199023258029),38) (Set(4766),31) (Set(4598),8) (Set(3994),32) (Set(2199023257693, 2199023255628),25) (Set(2199023259993),26) (Set(238),30) (Set(3298534887981),7)
(source, target) : 
(2199023259885,2199023257532) (3298534887127,1099511630504) (3298534887312,3298534884992) (2199023257546,4624) (2199023259041,4233) (2199023259041,1099511630947) (3298534883633,2199023259041) (3298534885098,2199023257532) (3298534885454,2199023259041) (3298534887374,2199023257532) (3298534885098,4624) (3780,985) (3298534883914,2199023259041) (1099511630552,1161) (3298534887127,2199023259885) (2199023257622,3780) (3298534885452,2199023258275) (2199023257466,1099511629960) (2199023257532,2199023256044) (3298534887543,1099511629040) (1099511629960,1099511629040) (2199023259885,2199023257466) (3298534883914,1099511629040) (3298534887374,985) (3298534887374,1099511629040) (2199023258275,2199023257466) (3298534887374,1099511629501) (3298534885452,2199023257338) (1099511629463,344) (3298534885452,3298534883914) (3298534883914,2199023256044) (1161,985) (3298534887874,2199023258275) (3298534887874,1099511629040) (2199023257466,2199023257097) (2199023257097,1099511628041) (1099511629960,668) (2199023257546,1099511630504) (4624,344) (3298534887312,2199023256044) (2199023257693,2199023255628) (1099511629040,1161) (3298534887374,1161) (3298534886058,2199023258704) (4273,3780) (2199023259041,296) (1099511628041,296) (3298534887312,296) (2199023259041,1099511628041) (3298534883914,2199023259854) (3298534885464,2199023259041) (3298534883914,4892) (3298534883633,1099511630504) (1099511630737,2862) (2199023259885,2199023257622) (2199023256044,4511) (2199023257622,2199023257532) (3298534885098,2199023259109) (3298534883914,1099511629508) (2199023258275,2199023257338) (2199023259041,668) (2199023258704,2199023257466) (2199023259041,4408) (3298534886058,4408) (2199023259041,2199023257097) (2199023259041,1099511630737) (3298534887374,4511) (1099511629040,959) (1099511630737,4892) (2199023259041,4273)

Size : 28
10|2010-10-16 17:34:32.182|34360608343|3298534884992|About Marti. About Sonia. About David. About D. H.. About Stanl. About Kenya. A.|Eun-Hye Lee|34360608329|
(name, group) :
(Set(2199023257693, 2199023255628),24) (Set(1099511630403),27) (Set(2199023260174),33) (Set(2199023256610),36) (Set(1099511630552, 2886),9) (Set(1099511630966),14) (Set(2199023260482),17) (Set(1148),1) (Set(3994),29) (Set(2199023257546),32) (Set(3298534884346),21) (Set(3298534884728),13) (Set(4766),28) (Set(1099511629456),8) (Set(1099511632456),3) (Set(3991),18) (Set(3298534885098),11) (Set(1099511631439),12) (Set(2199023255815),5) (Set(1099511632772),31) (Set(1549),15) (Set(2199023256810),23) (Set(1099511631199, 2199023258275, 2199023257466, 1099511629040, 959, 3298534887874),26) (Set(2199023256980),19) (Set(3298534884992),34) (Set(1099511629501),6) (Set(1099511630654),2) (Set(3298534887565),35) (Set(1099511627971),30) (Set(2199023260131),10) (Set(3298534884576),7) (Set(3897),20) (Set(2199023259993),25) (Set(2199023257721),22) (Set(4005, 941, 344, 2199023259041, 238, 1099511629463, 1099511630737, 1355, 3298534883633, 1099511627912, 3298534886719, 1099511628041, 4233, 3298534883665, 2862, 1099511632632, 1099511628160, 3298534885464, 296, 3298534885454, 2817, 1099511632283, 1099511630252, 4273, 2199023260094, 1099511630947, 1099511628571, 1099511630290),4) (Set(3092),16)
(source, target) : 
(4233,4005) (2199023259041,4233) (2199023259041,1099511630947) (3298534883633,2199023259041) (3298534885454,2199023259041) (2817,1355) (1099511630737,1099511628571) (1355,238) (2199023260094,238) (2199023257466,1099511631199) (1099511630252,1099511628571) (2199023260094,2199023259041) (1099511630252,1099511629463) (3298534885454,1099511632632) (3298534886719,4233) (3298534886719,3298534883665) (2199023258275,2199023257466) (1099511629463,344) (3298534887874,2199023258275) (3298534887874,1099511629040) (4273,4005) (4273,1355) (2199023259041,1099511630252) (2199023257693,2199023255628) (2199023259041,296) (1099511628160,4233) (1099511628041,296) (2199023259041,1099511628041) (1099511630552,2886) (3298534885464,2199023259041) (1099511630737,2862) (3298534886719,1099511630290) (1099511627912,344) (3298534885464,1355) (1355,941) (1099511632283,1099511627912) (1099511628571,2817) (2199023259041,1099511630737) (1099511629040,959) (2199023259041,4273)

Size : 21
10|2010-10-12 20:31:38.009|34360216985|3298534887706|About Thaksin Shinawatra, Thai compan. About 50 Cent, one rap artist of th.|Jun Kobayashi||34360216756
(name, group) :
(Set(2199023259582),9) (Set(2199023260352),2) (Set(1099511631578),1) (Set(2199023258254, 1099511629463, 3606, 1564, 3298534883670, 2199023257671, 2199023258962, 3298534887558, 1099511630252, 2199023259739, 3298534887234, 2199023258386, 3298534887874, 3298534887706, 1099511631068, 2199023255628, 2135, 1099511631947, 3298534887871, 1099511628122, 3298534887192),5) (Set(3670),4) (Set(3298534885877),3) (Set(4398046513733),8) (Set(3298534885212),6) (Set(2199023258615),7)
(source, target) : 
(3298534887558,3606) (1099511628122,3606) (3298534887192,1099511630252) (3298534887871,1099511631947) (2199023258254,2199023257671) (3298534883670,2199023258962) (2199023258254,1564) (1099511630252,1099511629463) (3298534887706,3298534883670) (1099511631068,2135) (3298534887706,2199023255628) (3298534887706,2199023257671) (3298534887706,2199023258962) (1099511630252,3606) (3298534887234,2135) (3298534883670,1099511631947) (3298534887874,2199023258386) (2199023258962,2199023258254) (3298534887234,2199023259739) (1099511631068,1099511628122) (3298534883670,1099511630252) (3298534887874,2135)

Size : 18
10|2010-10-16 15:14:26.226|34360271294|2199023260201|About Al. About So. About J.. About Ro. About Jo. About Ri. About Bu. About Th. .|Lyubov Aab|34360271291|
(name, group) :
(Set(1099511628892),1) (Set(2199023260201),2) (Set(4511, 1099511629940, 3298534887312, 1847, 2199023259850, 687, 583, 1099511632387, 2199023256804, 3298534887558, 1099511630379, 2079, 3539, 2199023257701, 2194, 4848, 3298534887871, 2199023257532),3) (Set(2199023259353),4)
(source, target) : 
(3298534887871,4848) (4511,2194) (3298534887312,2194) (1099511630379,1099511629940) (3298534887871,583) (2199023257701,2199023257532) (2199023256804,1099511630379) (2199023257532,2194) (2199023257701,1847) (1099511630379,1847) (3298534887558,1099511632387) (3298534887871,2079) (3298534887312,2079) (2199023259850,1099511629940) (3298534887312,583) (3298534887312,2199023256804) (3298534887558,3298534887312) (3298534887871,1847) (1099511629940,3539) (3298534887312,687) (2194,687) (3298534887871,2194) (3298534887558,687) (1099511630379,3539)
