Size : 49
10|2010-10-23 15:25:00.414|34359812862|1099511632314|About Augustine of Hippo, and theologian f. About Anthony Hopkins, Hopkins has also w.|Ning Zhang||34359808063
(name, group) :
(Set(3298534885606),37) (Set(2199023258317, 2199023258177),16) (Set(2199023256969),2) (Set(3298534887229),33) (Set(1099511632106),36) (Set(2199023256293),32) (Set(1099511632032),17) (Set(3298534883973),4) (Set(2199023257476),29) (Set(2199023255602),8) (Set(3298534887302),14) (Set(3298534884019),3) (Set(2199023257801),35) (Set(4398046515307),18) (Set(1099511632432),5) (Set(1099511632601),15) (Set(2199023259626),9) (Set(4398046512564),23) (Set(2199023258686),11) (Set(2199023256824),13) (Set(1099511632314),25) (Set(2199023260452),34) (Set(1099511632001),1) (Set(3298534885857),22) (Set(3298534887438),20) (Set(3298534887638),10) (Set(3298534883469, 3298534887061, 2199023256184, 2199023259396, 3298534885318, 2199023258935, 2199023257694, 4398046513733, 3298534885098, 3298534886729, 3298534885196, 2199023259041, 3298534883670, 1099511632041, 2199023258214, 3298534887662, 2199023257466, 1099511632155, 2199023259477, 3298534884912, 2199023259885, 2199023260397, 3298534884908, 2199023260352, 2199023259961, 2199023259353, 3298534887610, 3298534887659, 1099511632617, 3298534885982, 2199023257999, 3298534884167, 3298534885985, 2199023257622, 2199023257701, 2199023256751, 2199023260146, 3298534887706, 2199023258499, 2199023255628, 2199023258262, 1099511632338, 1099511632751, 2199023259437, 3298534883350, 2199023257352, 2199023256590, 3298534886091, 2199023257532),26) (Set(3298534884129),24) (Set(3298534888107),6) (Set(2199023255786),19) (Set(3298534887826),38) (Set(2199023258615),28) (Set(2199023257989),7) (Set(2199023256649),30) (Set(2199023257657),12) (Set(2199023258973),27) (Set(2199023256942),31) (Set(3298534886905),21)
(source, target) : 
(2199023259961,2199023257532) (3298534885982,3298534885098) (2199023259437,2199023259396) (2199023258499,2199023258214) (3298534885098,2199023259353) (2199023259961,2199023258214) (3298534883670,2199023256184) (3298534886091,3298534885985) (3298534885985,3298534885098) (3298534883469,1099511632751) (2199023259477,2199023259353) (2199023258214,2199023257532) (3298534885098,3298534884908) (2199023259041,2199023257694) (2199023259041,1099511632041) (3298534884908,3298534883469) (2199023257701,2199023257532) (3298534886091,2199023260397) (3298534883469,2199023259961) (3298534885985,3298534885196) (3298534884908,2199023257622) (3298534887610,2199023259961) (2199023257701,2199023256590) (3298534884912,2199023259041) (3298534884908,2199023255628) (2199023258262,1099511632041) (3298534885982,3298534883469) (3298534887659,2199023258214) (3298534883469,2199023259396) (2199023256590,1099511632751) (3298534884908,2199023257701) (3298534885196,1099511632751) (2199023259437,1099511632155) (3298534885196,3298534885098) (2199023258499,2199023257532) (2199023259885,2199023258214) (3298534885318,1099511632751) (3298534887061,2199023259885) (3298534886729,2199023259885) (3298534887659,2199023259961) (3298534885196,2199023257532) (2199023258317,2199023258177) (3298534885985,3298534884908) (3298534886091,2199023258214) (2199023259885,2199023257532) (3298534885985,3298534885982) (3298534884167,2199023258935) (4398046513733,2199023255628) (3298534887061,2199023257466) (3298534887061,2199023257352) (2199023260146,2199023257466) (3298534883469,2199023259885) (3298534883670,1099511632617) (2199023260352,2199023259437) (2199023259885,2199023257466) (3298534885196,2199023259353) (3298534883350,1099511632338) (3298534885982,3298534885196) (3298534887610,2199023259885) (3298534885982,2199023257466) (3298534887659,3298534885098) (2199023259477,2199023259041) (3298534887610,2199023259396) (3298534885982,2199023257999) (3298534887706,3298534883670) (3298534887610,2199023256184) (3298534887662,2199023259041) (3298534886091,3298534884908) (3298534885196,3298534884908) (2199023259961,2199023259885) (2199023257352,2199023256590) (3298534887659,2199023259041) (3298534885196,2199023259477) (3298534887610,2199023257999) (3298534886091,2199023257466) (2199023259041,1099511632751) (3298534887706,2199023255628) (3298534886091,3298534885098) (2199023260352,2199023258935) (2199023257701,1099511632041) (2199023257622,2199023257352) (2199023257622,2199023257532) (2199023257999,2199023257532) (3298534885196,2199023257622) (2199023259961,2199023259396) (3298534885985,3298534883469) (2199023259885,2199023257352) (2199023259477,2199023257622) (3298534886091,2199023259961) (3298534887610,2199023258499) (2199023259353,2199023257622) (2199023258214,2199023257622) (3298534887662,3298534884908) (2199023257466,2199023257352) (2199023257701,2199023257622) (2199023257622,1099511632041) (2199023259885,2199023259396) (3298534884908,2199023258214) (2199023258214,2199023257999) (2199023259885,2199023257622) (3298534887662,2199023259885) (2199023259477,2199023258214) (2199023257701,1099511632751) (2199023257532,2199023257352) (2199023259961,2199023259041) (2199023258262,2199023257352) (3298534885196,3298534883469) (3298534886091,3298534885982) (3298534885098,2199023257532) (3298534885098,1099511632751) (3298534887610,2199023256751) (2199023257622,2199023256590) (3298534883350,2199023258935) (3298534885982,2199023259396) (3298534887610,3298534885985) (2199023258214,1099511632041)

Size : 26
10|2010-10-24 04:10:03.059|34360542390|2199023257904|About Gustav Mahle. About Johan Christ. About Jefferson Da. About Switched-On . About Clau.|Michael Wang|34360542389|
(name, group) :
(Set(3298534887061, 4528, 2886, 1847, 4398046514014, 2199023257822, 2199023257274, 2199023257466, 2199023259885, 3060, 2199023259109, 1099511629479, 1099511630379, 2199023259615, 2199023258095, 4688, 2199023257622, 2199023255625, 3412, 3298534884079, 3298534888154, 2199023256115, 3298534887127, 2199023256590, 2199023257904, 2199023257532),1)
(source, target) : 
(2199023258095,2199023256115) (2199023257532,3060) (2199023257904,1847) (2199023255625,4688) (2199023259885,4528) (2199023258095,4528) (2199023259615,2199023257532) (4398046514014,4688) (2199023259109,2199023257904) (2199023258095,2199023257904) (2199023258095,1847) (2199023256590,4528) (2199023259885,2886) (2199023255625,3060) (2199023259615,2199023258095) (2199023257274,1099511630379) (2199023257822,3412) (2199023259109,3060) (3298534887127,2199023259885) (1099511629479,4528) (2199023256590,4688) (2199023257274,3412) (3298534887061,2199023259885) (2199023259885,1847) (3298534884079,2199023259885) (2199023259885,2199023257532) (2199023258095,2199023257532) (2199023257622,4528) (2199023259109,2199023256115) (3298534887061,2199023257466) (1099511630379,1847) (3298534884079,2199023257466) (2199023259615,2199023256115) (2199023259885,2199023257466) (3298534887061,2199023257274) (3412,2886) (1099511629479,2886) (2199023257622,1847) (2199023257466,2199023257274) (2199023257622,2199023257274) (2199023259615,1099511629479) (2199023257622,4688) (2199023257274,2199023256590) (2199023257532,2199023256115) (2886,1847) (2199023256590,2199023256115) (2199023257622,2199023256115) (2199023259615,1847) (4688,4528) (2199023257532,2199023257274) (2199023257622,2199023257532) (2199023256115,2199023255625) (2199023255625,1099511629479) (2199023256115,4688) (2199023257532,2199023255625) (2199023257622,1099511629479) (2199023259109,2199023258095) (2199023259885,2199023257622) (2199023258095,3060) (2199023257904,2199023257622) (1099511629479,4688) (3060,2886) (2199023259885,2199023257274) (2199023257822,2199023257622) (2199023259615,2199023257904) (2199023257622,2199023256590) (4528,2886) (2199023256115,1099511629479) (2199023257466,4528) (3298534888154,2199023257532) (2199023257822,4528)

Size : 12
10|2010-10-26 00:31:19.958|34360611309|250|About Christopher Columbus, voyage in . About Hirohito, Although better know.|Chen Wang|34360611302|
(name, group) :
(Set(1099511629519),5) (Set(250),4) (Set(2199023260201),2) (Set(1099511628629, 2199023258584, 2199023257274, 2199023257466, 2199023259885, 1160, 3298534883914, 1099511628680, 4624, 3298534886174, 2199023257352, 3298534887871),3) (Set(1099511628696),1)
(source, target) : 
(3298534887871,4624) (3298534887871,2199023257352) (3298534887871,3298534883914) (3298534887871,2199023258584) (2199023259885,2199023257466) (2199023257466,2199023257274) (2199023257466,1099511628629) (3298534883914,1160) (2199023259885,2199023257352) (3298534883914,1099511628680) (2199023257466,2199023257352) (3298534886174,4624) (2199023257352,2199023257274) (2199023259885,2199023257274) (4624,1160) (2199023258584,4624)

Size : 5
10|2010-10-25 15:53:58.222|34359847417|1099511631649|About Prussia, state of the Teutonic Knights. It was based on the basis of an earlie. .|Johan Andersson||34359846954
(name, group) :
(Set(3298534886128, 1099511632098, 3298534884556, 378, 3298534887192),6) (Set(4398046514344),4) (Set(2199023260352),1) (Set(1099511632338),2) (Set(1099511631649),5) (Set(1099511630703),7) (Set(2023),3) (Set(2199023256293),8)
(source, target) : 
(3298534886128,378) (1099511632098,378) (3298534887192,3298534886128) (3298534884556,1099511632098)

Size : 5
10|2010-10-26 14:56:23.553|34360464954|2079|About Wolf. About Elvi. About Bill. About Fran. About Dori. About Geor. About She ..|A. K. Amjad|34360464951|
(name, group) :
(Set(2199023260406),5) (Set(2199023256715),6) (Set(1099511631802),7) (Set(2199023257702),16) (Set(3298534888309),17) (Set(2199023260289, 2199023258642),19) (Set(3298534884340),4) (Set(3298534887885),1) (Set(4398046515121),21) (Set(2199023255565),10) (Set(2199023256649, 2199023260439, 3298534887438, 2199023257274, 3298534887049),3) (Set(1099511631914),11) (Set(1099511632296, 1099511631424, 1099511631072),13) (Set(2199023259513),2) (Set(2199023258891),23) (Set(2199023256385),15) (Set(3298534885754),8) (Set(3298534887871, 3298534883522, 3298534883331),12) (Set(2199023258772),9) (Set(4398046515430),22) (Set(2199023257942),20) (Set(3298534884996),18) (Set(3298534887454),14)
(source, target) : 
(3298534887049,2199023260439) (3298534887871,3298534883522) (3298534887438,2199023257274) (3298534887871,3298534883331) (1099511632296,1099511631424) (1099511632296,1099511631072) (2199023260439,2199023256649) (2199023260289,2199023258642) (2199023257274,2199023256649)
