Size : 43
10|2010-11-05 02:40:38.354|34360962402|3298534885212|About Kevin Rudd, and Aus. About Gerald Ford, he bec. About Wyclef Jean, wit.|Ken Matsudaira||34360961668
(name, group) :
(Set(3298534885659),11) (Set(1099511628305),21) (Set(3298534885494),2) (Set(4398046514489),24) (Set(3298534885857),15) (Set(3298534885212),17) (Set(2199023257185),6) (Set(1099511629158),9) (Set(2199023258529),20) (Set(1099511629021, 1099511631018, 2199023259663, 2199023257292, 1099511631649, 4398046514201, 1099511629287, 3298534887604, 3298534884013, 3682, 2199023255705, 1099511632772, 1099511630189, 1099511632140, 3298534883665, 1099511631226, 1099511628913, 3298534884340, 1099511629960, 2199023257657, 3298534885221, 1099511629040, 1099511629258, 4139, 3298534888250, 1099511630797, 3298534887649, 1099511630504, 1099511628680, 1099511631424, 4534, 1099511628022, 3298534887706, 2199023260289, 2199023255611, 3298534884049, 2199023255628, 1099511631168, 2199023255872, 1099511631072, 3298534886101, 2199023257097, 1099511631063),22) (Set(3298534884576),3) (Set(3298534884992),23) (Set(3298534886766),18) (Set(2199023257826),1) (Set(3944),14) (Set(2199023256996),12) (Set(3755),16) (Set(3298534887188),13) (Set(1099511628545),19) (Set(1099511629000, 1099511628501),5) (Set(4398046516081),4) (Set(3298534883797),25) (Set(3298534885239),10) (Set(4398046512003),8) (Set(2199023259311),7)
(source, target) : 
(3298534887604,1099511630504) (1099511630189,4534) (1099511630797,1099511630189) (3298534887706,1099511631018) (1099511628913,4139) (2199023255705,1099511632140) (1099511631018,1099511629287) (3298534888250,2199023255628) (2199023257657,1099511631424) (3298534883665,4534) (1099511631072,4534) (3298534887604,2199023255611) (1099511631072,1099511630189) (1099511631072,1099511629287) (1099511629021,4534) (3298534886101,4139) (3298534887706,2199023255628) (3298534884049,1099511631424) (1099511631168,1099511630504) (1099511631649,4139) (2199023259663,4139) (1099511631424,1099511631226) (3298534887604,1099511628022) (1099511629960,1099511629040) (3298534885221,2199023255705) (3298534885221,1099511631424) (3298534884013,1099511631226) (3298534884340,4139) (2199023255872,4139) (1099511630189,1099511628680) (2199023257097,1099511629258) (4398046514201,4139) (1099511631424,3682) (3298534884013,4139) (1099511632772,4139) (1099511631424,1099511629960) (1099511628022,4534) (2199023257292,1099511631424) (1099511631424,1099511629287) (2199023255705,1099511631063) (1099511629258,4139) (2199023255628,1099511632140) (3298534887649,4139) (3298534887706,3298534886101) (1099511631226,4139) (1099511628680,4534) (1099511629000,1099511628501) (1099511630797,4534) (2199023260289,2199023255705) (2199023260289,1099511632140) (2199023260289,1099511631063)

Size : 40
10|2010-11-01 06:49:57.182|34360879779|1099511632751|About Jack Nicholson, Batman, A Few Good Men. About Desolation Row, lyrics in which Dyla.|Ning Li||34360878463
(name, group) :
(Set(4398046512709),4) (Set(2199023255843),5) (Set(1099511631844),2) (Set(2199023260237),1) (Set(3298534885814),6) (Set(1099511630776, 4290, 2199023258898, 1099511628629, 4528, 1099511629519, 1099511629672, 2199023259530, 3298534885098, 4398046514014, 2199023259227, 1099511629287, 2199023258214, 2199023256293, 3298534884728, 2199023258391, 1099511628642, 4398046514679, 3298534884908, 1099511629479, 4577, 1099511630504, 1099511632421, 2199023257622, 2199023255625, 3298534883898, 2199023258499, 1099511629845, 1099511632742, 3780, 1099511630454, 2199023256115, 1099511632751, 4178, 2199023257352, 3633, 2199023256590, 4831, 1099511628460, 3924),3)
(source, target) : 
(1099511629519,1099511629479) (4528,3633) (4577,3633) (2199023257352,2199023256115) (1099511629479,4178) (2199023256115,1099511632751) (4398046514679,2199023256115) (2199023257622,4528) (1099511629672,1099511628629) (4290,3924) (1099511630454,1099511629845) (1099511628642,4528) (1099511628642,1099511628629) (1099511629479,1099511628642) (4528,3780) (4398046514014,2199023257352) (2199023256115,1099511630504) (1099511630454,3780) (2199023258391,1099511628642) (4398046514014,2199023259227) (2199023255625,1099511628642) (2199023256590,2199023256115) (2199023256590,1099511628642) (2199023258898,1099511632751) (1099511629479,4577) (1099511629479,4528) (2199023255625,1099511629845) (2199023258898,2199023256115) (4577,4290) (1099511629845,4577) (2199023256590,4528) (2199023255625,1099511632751) (4577,4528) (2199023256293,1099511630776) (4290,3780) (2199023256115,2199023255625) (4398046514679,3298534885098) (3298534884908,2199023258898) (2199023257622,1099511629479) (4528,4290) (2199023259530,1099511630504) (2199023257352,4528) (4831,3780) (1099511629672,4178) (1099511629672,4577) (2199023257622,1099511629672) (4577,3924) (3298534884728,2199023258898) (2199023256590,1099511630504) (1099511632742,1099511628642) (1099511629519,1099511628642) (4831,4577) (1099511632421,1099511629672) (2199023259530,2199023258214) (1099511629287,4178) (2199023258898,2199023257622) (2199023258214,2199023257622) (3780,3633) (2199023259227,2199023258898) (2199023256115,1099511629845) (1099511632751,1099511629479) (2199023256590,3780) (2199023256115,1099511629672) (2199023257352,1099511629479) (2199023259530,2199023257352) (2199023258214,2199023256115) (3924,3633) (2199023257352,2199023255625) (2199023257622,1099511628642) (1099511630504,1099511629672) (4290,3633) (1099511629845,1099511629672) (2199023256115,3780) (1099511630504,1099511629845) (2199023259227,1099511632751) (2199023256115,1099511628460) (1099511628642,4577) (3298534883898,1099511629672) (2199023257622,3780) (1099511629672,3780) (2199023257352,2199023256590) (2199023259530,2199023258898) (1099511629672,1099511629519) (1099511629845,3780) (1099511629845,1099511629479) (3298534884908,2199023258214) (1099511628642,3924) (3298534884728,2199023255625) (1099511629672,1099511629479) (3298534884728,2199023256115) (2199023257622,2199023256590) (2199023256115,4178) (1099511629479,1099511628629) (4398046514679,2199023258214) (2199023258499,1099511629479) (4398046514679,1099511630504) (2199023256590,1099511632751) (1099511630454,3924) (2199023257622,2199023256115) (2199023259530,4528) (2199023255625,1099511629672) (3298534884728,1099511632751) (1099511629519,4528) (2199023258898,1099511629672) (2199023258898,2199023258214) (3298534884728,1099511629479) (1099511629672,1099511628642) (2199023257622,2199023257352) (3298534885098,1099511632751) (2199023255625,1099511630504) (3298534884908,2199023257622) (2199023256115,1099511629479) (3924,3780) (1099511630504,1099511630454) (2199023256115,1099511630776) (2199023258499,2199023258214) (2199023259227,3780) (2199023259530,2199023259227) (3298534885098,3298534884908) (1099511632751,4178) (2199023255625,1099511629479) (4577,3780) (2199023259530,2199023256115) (1099511628629,4528) (4528,3924)

Size : 34
10|2010-11-01 20:22:16.962|34360342668|2199023255625|About Lauren. About George. About Bing C. About Frank . About Weird . About Robert. Abo.|Cheng Chen|34360342650|
(name, group) :
(Set(4570),6) (Set(1099511632767),9) (Set(1099511630634),1) (Set(3454),7) (Set(1099511627861),8) (Set(2862),2) (Set(3298534886870, 3298534884801, 2199023258898, 2199023259737, 1099511629105, 1099511630227, 1099511629672, 4008, 3298534884676, 2199023258704, 1099511629456, 1099511628642, 1160, 2519, 772, 3298534883518, 1933, 1099511628378, 2199023256040, 1099511630504, 1099511628754, 4398046516007, 2199023255625, 2199023257021, 4143, 2199023256615, 4615, 3748, 2199023259033, 1099511632751, 4398046512935, 3633, 4398046514630, 459),3) (Set(3298534884419),4) (Set(4418),5)
(source, target) : 
(1099511629105,772) (3298534883518,1099511628378) (2199023258704,4143) (4398046512935,3298534884676) (4398046512935,3298534884801) (3748,3633) (2199023255625,1099511628642) (2199023258898,1099511632751) (2199023258704,1160) (1099511628642,3748) (2199023259737,459) (2199023255625,1099511632751) (2199023259033,2199023258704) (1099511628754,459) (3298534884676,4615) (2199023258704,2519) (3298534884801,2199023256040) (3298534884676,2199023257021) (1099511630504,1099511629672) (3298534884676,2199023256040) (4398046514630,1099511629672) (2199023259033,1099511629456) (3298534883518,2199023259033) (2199023259033,1099511632751) (4615,459) (4398046516007,1099511630227) (3298534886870,3298534884801) (2519,459) (3298534886870,2199023257021) (2199023258704,1099511629456) (1099511629105,1099511628378) (1099511628754,2519) (1099511628378,1933) (1099511630504,4008) (2199023255625,1099511629672) (1160,459) (2199023258898,1099511629672) (1099511629672,1099511628642) (3298534884801,3298534884676) (2199023255625,1099511630504) (2199023259033,1099511630227) (2199023256615,1099511628378)

Size : 34
10|2010-11-01 01:01:29.456|34360342788|4615|About Alanis Mori. About Queen Eliza. About George Gers. About Woody Guthr. About Ell.|Batong Ha|34360342782|
(name, group) :
(Set(4570),6) (Set(1099511632767),9) (Set(1099511630634),1) (Set(3454),7) (Set(1099511627861),8) (Set(2862),2) (Set(3298534886870, 3298534884801, 2199023258898, 2199023259737, 1099511629105, 1099511630227, 1099511629672, 4008, 3298534884676, 2199023258704, 1099511629456, 1099511628642, 1160, 2519, 772, 3298534883518, 1933, 1099511628378, 2199023256040, 1099511630504, 1099511628754, 4398046516007, 2199023255625, 2199023257021, 4143, 2199023256615, 4615, 3748, 2199023259033, 1099511632751, 4398046512935, 3633, 4398046514630, 459),3) (Set(3298534884419),4) (Set(4418),5)
(source, target) : 
(1099511629105,772) (3298534883518,1099511628378) (2199023258704,4143) (4398046512935,3298534884676) (4398046512935,3298534884801) (3748,3633) (2199023255625,1099511628642) (2199023258898,1099511632751) (2199023258704,1160) (1099511628642,3748) (2199023259737,459) (2199023255625,1099511632751) (2199023259033,2199023258704) (1099511628754,459) (3298534884676,4615) (2199023258704,2519) (3298534884801,2199023256040) (3298534884676,2199023257021) (1099511630504,1099511629672) (3298534884676,2199023256040) (4398046514630,1099511629672) (2199023259033,1099511629456) (3298534883518,2199023259033) (2199023259033,1099511632751) (4615,459) (4398046516007,1099511630227) (3298534886870,3298534884801) (2519,459) (3298534886870,2199023257021) (2199023258704,1099511629456) (1099511629105,1099511628378) (1099511628754,2519) (1099511628378,1933) (1099511630504,4008) (2199023255625,1099511629672) (1160,459) (2199023258898,1099511629672) (1099511629672,1099511628642) (3298534884801,3298534884676) (2199023255625,1099511630504) (2199023259033,1099511630227) (2199023256615,1099511628378)

Size : 19
10|2010-11-04 04:20:51.467|34360550658|2199023258262|About Friedric. About Akbar, i. About Vladimir. About Charles . About John Dry. About Pto.|Ge Xu||34360549788
(name, group) :
(Set(3298534884136),6) (Set(4398046515743),5) (Set(2199023257338),1) (Set(1099511630776, 2199023258898, 3298534885318, 2199023259530, 4398046512564, 4398046515990, 2199023258214, 4398046514679, 3298534884826, 2199023259615, 2199023258095, 1099511630504, 2199023257622, 2199023257701, 2199023255625, 3298534885656, 3298534886248, 1099511632751, 2199023257532),9) (Set(3298534884912),4) (Set(2199023259850),2) (Set(2199023258262),7) (Set(3298534884556),8) (Set(3298534884070),3)
(source, target) : 
(2199023257701,2199023255625) (2199023258095,1099511632751) (3298534884826,1099511632751) (2199023259615,1099511630504) (2199023258214,2199023258095) (2199023258095,2199023257532) (4398046515990,1099511630504) (2199023257701,2199023257532) (2199023258898,1099511632751) (4398046512564,2199023257532) (2199023255625,1099511632751) (3298534886248,2199023257532) (2199023259530,1099511630504) (2199023259615,2199023259530) (2199023258898,2199023258095) (2199023257701,1099511632751) (2199023259530,2199023258214) (2199023258898,2199023257622) (2199023258214,2199023257622) (2199023259615,2199023258898) (4398046512564,1099511630504) (2199023258214,2199023257532) (2199023259615,2199023257532) (3298534885318,1099511632751) (2199023259530,2199023258898) (2199023257622,2199023257532) (3298534884826,2199023258898) (3298534885656,2199023259530) (3298534886248,3298534885656) (4398046514679,2199023258214) (2199023259615,2199023258095) (4398046514679,1099511630504) (3298534884826,2199023255625) (2199023258898,2199023258214) (3298534886248,2199023258214) (3298534885656,1099511632751) (2199023257532,2199023255625) (2199023257701,2199023257622) (2199023255625,1099511630504) (2199023258898,2199023257532) (2199023257532,1099511630776)
