Size : 85
10|2010-11-24 11:00:31.407|34360668579|1099511631976|About Lord Byron, .... a very bland score, distressingly banal (all those waltz.|Andrei Hleb|34360668574|
(name, group) :
(Set(2266),5) (Set(2199023259737),4) (Set(1099511632227),22) (Set(1099511628457),10) (Set(2199023256615),15) (Set(3298534888178),20) (Set(2199023257577),11) (Set(4570),12) (Set(4435),21) (Set(3298534888127),3) (Set(1099511628696),2) (Set(1099511627861),17) (Set(4952),19) (Set(1099511632307),8) (Set(1099511631482, 3298534887896, 4047, 4607, 3298534885066, 1099511632669, 2199023257694, 2698, 3298534886689, 1922, 4353, 4194, 4008, 1847, 2199023259227, 1099511630737, 3298534883633, 3298534887410, 2199023257274, 1099511631981, 1099511628041, 2199023255633, 4398046512456, 4398046514679, 96, 3760, 3298534884087, 3587, 3298534886416, 4398046515495, 3298534884826, 3298534885464, 1099511630634, 3274, 3298534883518, 4398046515832, 1099511630252, 4398046511319, 4273, 2199023260094, 2199023258095, 2199023259515, 4398046513040, 3539, 3298534884401, 1099511630797, 1099511630947, 1099511631976, 1099511630661, 3298534887931, 1099511628612, 1753, 4398046515811, 3298534884223, 2199023260406, 2199023257979, 3298534884049, 3298534886174, 2194, 3298534884079, 4398046513705, 1099511628968, 3039, 2199023257634, 4615, 1099511628301, 290, 2199023255872, 1099511628310, 3298534884419, 4281, 2199023256332, 1099511632488, 2199023257097, 2783, 3298534887871, 4398046513650, 3298534886069, 4398046514146, 1099511628524, 1099511628460, 1099511630952, 1099511630354, 2191, 454),13) (Set(3298534885877, 2199023255780),7) (Set(772),16) (Set(1099511629520),18) (Set(1099511629769),9) (Set(4398046515421),1) (Set(2199023258253),14) (Set(443),6)
(source, target) : 
(1099511630737,3274) (4281,2783) (1099511632488,1099511630952) (2199023260406,2783) (3298534887871,4353) (3298534887931,1753) (1099511630252,1753) (2199023260094,2191) (3298534887871,2191) (3298534884079,4047) (4398046515495,3039) (4398046514679,3039) (4398046515832,2194) (3298534883633,2194) (3298534883518,1753) (3298534884419,1099511628041) (3298534884079,2194) (1099511628301,3587) (4398046514679,2194) (3298534883518,2199023257097) (1099511630737,2194) (1099511628301,1922) (2199023258095,2194) (2199023256332,1753) (2199023260094,2194) (2199023259227,4273) (3298534884087,2199023257634) (2783,1922) (1099511630952,4607) (2199023260406,2698) (4398046511319,4281) (3298534883633,3587) (1753,290) (3298534886069,2194) (1099511630737,4615) (1099511632669,4273) (1099511630634,4353) (2199023257634,2199023255872) (2199023257097,2194) (3298534884826,1099511630737) (3298534887410,1099511628301) (3298534887871,3760) (3298534887871,1847) (3298534885464,2194) (1099511630797,1753) (1099511631482,1099511630252) (2199023257097,1099511630952) (2199023257634,1099511628612) (4273,96) (2199023257694,2199023257274) (2199023255633,4607) (3298534883518,1099511631482) (3298534887871,2783) (3298534883633,1099511628301) (3298534887871,1099511630634) (3539,3039) (2199023258095,3039) (3298534887871,1099511628041) (1099511631981,2783) (3298534884049,2194) (1099511631482,1099511630797) (3298534884826,2191) (1099511632488,3274) (2199023259227,3039) (2199023257274,2783) (3298534887871,3587) (3298534884401,1099511631482) (1099511628524,2194) (3298534884079,1099511630737) (3760,3039) (1099511628041,2194) (2199023257979,2783) (3298534887896,3298534887871) (2199023257634,4607) (2199023257274,1099511630354) (3298534886174,2199023257979) (3298534885877,2199023255780) (2199023259515,1099511632488) (2199023260406,4194) (1099511630947,2194) (2199023257634,1847) (3298534887871,1099511630661) (1099511631482,2783) (3298534886174,3298534883518) (4398046512456,2199023257274) (2199023257274,1099511630947) (3298534887871,2199023255872) (3298534887410,1099511632488) (3298534887931,3298534883518) (3298534886689,1099511630737) (3298534887871,2698) (2199023257097,1099511628041) (4398046515832,3039) (2199023258095,1847) (3298534887871,1099511628968) (4398046513705,1099511628041) (3298534887871,3298534884079) (3298534887931,1099511631482) (4398046511319,1099511631976) (4008,2783) (2199023255872,4607) (3298534886416,1099511630737) (3298534885464,2199023257634) (3298534887931,4273) (3298534884223,3039) (2199023257979,1099511630252) (3298534887871,3298534883518) (4398046513650,3039) (2199023260406,1099511632488) (2199023259227,2199023258095) (3298534887931,1099511628310) (3298534887871,3298534884826) (3298534884419,3298534884087) (4273,2194) (3298534884826,2199023257097) (1099511630737,1099511628524) (4615,2783) (4607,2783) (3587,454) (4398046515811,2199023259227) (3298534887871,1099511630737) (3298534887931,1099511628460) (3298534887931,1099511632488) (2199023257097,2191) (3298534883518,2199023260406) (3298534885464,1099511631482) (3298534887871,2199023257979) (1099511630252,2194) (2199023257274,4607) (3298534887871,2194) (4398046514146,2698) (3298534887896,2199023260406) (3298534886174,1099511630252) (3298534887871,1099511628460) (2199023259227,1099511632669) (3298534884419,4273) (3298534887871,3298534886069) (3298534885066,3587) (4398046513040,2199023260406)

Size : 29
10|2010-11-19 13:27:35.992|34360807361|1099511628164|About Sarah Palin, was considered a poten. About Josephus, upon that it originally .|Yang Chen||34360806998
(name, group) :
(Set(1099511628966),5) (Set(1160),3) (Set(3298534886128, 3298534886689, 2199023259112, 2199023259041, 1099511630154, 3298534885628, 1099511628164, 4892, 4398046515782, 1099511629143, 2862, 3298534886416, 3298534884826, 3274, 4465, 4139, 2199023260033, 3627, 3325, 267, 4398046512803, 2199023256751, 1099511628571, 2194, 3298534884079, 4615, 3633, 3298534887871, 1099511628524),7) (Set(1099511632205),4) (Set(2285),6) (Set(3298534884297),2) (Set(1949),1)
(source, target) : 
(4615,4139) (3298534887871,3627) (2199023259041,267) (2199023259041,1099511628524) (1099511628571,2194) (4398046512803,3274) (1099511630154,4139) (2199023259112,4139) (3298534884079,2194) (2199023260033,2199023259041) (3298534887871,3325) (2199023259041,2194) (3298534884079,2199023259041) (2199023259041,3627) (4398046515782,2199023259112) (4398046512803,2199023259041) (2199023260033,2199023259112) (2199023259041,1099511630154) (3298534884826,2199023259041) (3298534886128,2199023259112) (3298534887871,2199023259041) (4398046512803,3298534886416) (2199023259041,1099511628164) (2199023259041,3274) (3298534886416,2199023259041) (4465,3633) (3298534886128,1099511629143) (1099511628524,2194) (2199023259041,4615) (2199023260033,2199023256751) (3298534886416,2199023260033) (3298534886128,4139) (4398046515782,3298534884826) (3298534887871,3298534885628) (3298534887871,4139) (3298534886689,2199023259041) (3298534885628,2199023259041) (4892,2194) (3298534886128,1099511630154) (3298534887871,4465) (3298534887871,3298534884079) (2199023259041,1099511629143) (3298534885628,3298534884079) (3298534887871,3298534884826) (4398046512803,3298534887871) (2199023260033,1099511629143) (3298534886128,3298534884826) (3298534887871,2194) (3298534884826,2199023259112) (2862,2194)

Size : 22
10|2010-11-22 21:59:51.62|34360688157|2199023259109|About Jorge Luis . About Jules Verne. About Benito Muss. About Graham Gree. About W. H. A.|Baby Zhang||34360687833
(name, group) :
(Set(3298534883469, 2199023258898, 2199023259396, 4528, 2199023258214, 2199023259885, 3060, 2199023260397, 2199023259109, 4398046511265, 2199023259615, 2199023259766, 1099511630504, 4688, 3298534885656, 3298534884104, 1161, 2199023256115, 2199023257352, 3298534886091, 2199023257904, 1099511628575),1)
(source, target) : 
(3298534883469,2199023259615) (2199023259396,1161) (3298534883469,3060) (2199023258898,4688) (2199023257352,4528) (3298534886091,2199023258214) (2199023259885,2199023259396) (3298534885656,2199023256115) (3298534885656,3298534884104) (3060,1161) (3298534886091,2199023260397) (3298534884104,2199023260397) (2199023259885,2199023258214) (2199023256115,1099511630504) (2199023259615,2199023256115) (3298534883469,2199023258898) (3298534886091,2199023256115) (2199023259396,1099511630504) (3298534884104,1099511628575) (2199023260397,1161) (2199023258898,2199023258214) (3298534886091,1161) (2199023257904,1161) (2199023257352,4688) (2199023259615,2199023257904) (1099511630504,4688) (2199023258214,2199023256115) (3298534883469,2199023259396) (2199023256115,4688) (3298534885656,2199023260397) (2199023259885,2199023257352) (2199023257352,3060) (2199023257352,2199023256115) (2199023259615,2199023257352) (3298534886091,3298534885656) (2199023257904,2199023257352) (2199023258898,2199023256115) (2199023259109,2199023258898) (2199023259109,2199023257352) (4398046511265,3298534885656) (3298534886091,3298534884104) (2199023259396,2199023259109) (2199023259615,1099511630504) (2199023259396,1099511628575) (4398046511265,2199023260397) (2199023259766,2199023258214) (4688,4528) (2199023259615,2199023258898) (3298534886091,2199023259615) (2199023259109,3060) (2199023258214,4688) (2199023259109,2199023257904) (2199023259766,2199023259396) (3298534883469,2199023259885) (3298534884104,3298534883469) (2199023259885,4528) (2199023259396,2199023258898) (2199023259109,2199023256115) (3298534883469,2199023259109)

Size : 17
10|2010-11-25 06:07:23.487|34359774113|2199023258973|About Weird Al Yankovic, (a parody of Michael Jackson's Beat It), which peaked at number twe.|Baoping Wang||34359773944
(name, group) :
(Set(1099511632032),5) (Set(1099511631532),10) (Set(1099511632601),4) (Set(4615),2) (Set(1099511629501),1) (Set(2199023256845),7) (Set(4398046512709),6) (Set(4398046511879),3) (Set(3298534884031),11) (Set(2199023260409),8) (Set(555, 2199023258898, 1269, 3298534885343, 3298534884297, 4398046512456, 1099511630204, 2199023259961, 1099511629040, 2199023259615, 2197, 1099511631424, 1099511628627, 250, 1481, 94, 1099511628524),9)
(source, target) : 
(555,250) (2199023259961,1099511631424) (2197,555) (1099511631424,1099511628524) (1269,555) (2199023259961,2199023259615) (1269,94) (1099511628627,555) (4398046512456,2199023259615) (3298534885343,1099511628524) (3298534885343,1099511629040) (1099511630204,1099511629040) (250,94) (4398046512456,1099511629040) (555,94) (2199023259615,1099511629040) (2199023258898,1099511631424) (2199023259615,2199023258898) (1481,555) (1481,250) (3298534884297,2199023259961) (1099511629040,94)

Size : 15
10|2010-11-22 22:49:52.842|34360809198|1099511632632|About Tommy. About Horat. About Eliza. About Alice. About Cyndi. About Bette. About.|Hao Zhang||34360808900
(name, group) :
(Set(2199023259041, 4398046515853, 1099511629258, 2199023260033, 4398046515039, 3627, 4398046512803, 1099511631925, 2199023260289, 2194, 4398046512418, 1099511632488, 4848, 3298534887871, 2191),1)
(source, target) : 
(4398046515039,2199023259041) (4398046512803,1099511631925) (3298534887871,3627) (3298534887871,4848) (3298534887871,2191) (3298534887871,1099511629258) (4398046515853,4398046512803) (2199023260033,2199023259041) (2199023259041,2194) (4398046512418,2194) (2199023259041,3627) (4398046512803,2199023259041) (1099511631925,4848) (3298534887871,2199023259041) (4398046515039,1099511632488) (2199023259041,1099511632488) (4398046515853,4848) (2199023260033,1099511631925) (2199023260033,1099511629258) (2199023259041,2191) (2199023260289,2199023260033) (2199023260289,2199023259041) (4398046512803,3298534887871) (3298534887871,2194) (4398046512418,1099511632488)
